Iter   f          |gradf|    alpha     
-------------------------------------
1      4.00e+00   9.74e+03   1.00e+00  
2      4.00e+00   3.38e+00   1.00e+00  
3      3.99e+00   2.87e+00   1.00e+00  
4      3.99e+00   5.44e-01   1.00e+00  
5      3.99e+00   4.38e-01   1.00e+00  
6      3.99e+00   1.49e-01   1.00e+00  
7      3.99e+00   7.51e-02   1.00e+00  
8      3.99e+00   4.17e-02   1.00e+00  
9      3.99e+00   3.77e-02   1.00e+00  
10     3.99e+00   1.25e-02   1.00e+00  
11     3.99e+00   5.42e-03   1.00e+00  
12     3.99e+00   2.69e-03   1.00e+00  
13     3.99e+00   1.83e-03   5.00e-01  
14     3.99e+00   1.24e-03   1.00e+00  
15     3.99e+00   4.19e-04   1.00e+00  
16     3.99e+00   2.34e-04   1.00e+00  
17     3.99e+00   1.21e-04   1.00e+00  
18     3.99e+00   2.04e-04   1.00e+00  
Terminated at iteration=19 as |gradf|=2.34e-05 < threshold=9.74e-05.
Optimized objective function value: 3.99e+00; |gradf|: 2.34e-05. Computing time: 0.029 s.