Iter   f          |gradf|    alpha     
-------------------------------------
1      4.00e+00   9.74e+03   1.00e+00  
2      4.00e+00   3.38e+00   1.00e+00  
3      3.99e+00   2.87e+00   1.00e+00  
4      3.99e+00   5.44e-01   1.00e+00  
5      3.99e+00   4.38e-01   1.00e+00  
6      3.99e+00   1.49e-01   1.00e+00  
7      3.99e+00   7.51e-02   1.00e+00  
8      3.99e+00   4.09e-02   1.00e+00  
9      3.99e+00   3.83e-02   1.00e+00  
10     3.99e+00   1.18e-02   1.00e+00  
11     3.99e+00   5.34e-03   1.00e+00  
12     3.99e+00   2.52e-03   1.00e+00  
13     3.99e+00   2.05e-03   1.00e+00  
14     3.99e+00   2.26e-03   1.00e+00  
15     3.99e+00   3.81e-04   1.00e+00  
16     3.99e+00   2.45e-04   1.00e+00  
17     3.99e+00   1.37e-04   5.00e-01  
18     3.99e+00   1.18e-04   1.00e+00  
Terminated at iteration=19 as |gradf|=3.93e-05 < threshold=9.74e-05.
Optimized objective function value: 3.99e+00; |gradf|: 3.93e-05. Computing time: 0.006 s.