Iter   f          |gradf|    alpha     
-------------------------------------
1      1.42e+01   2.78e+01   6.25e-02  
2      4.77e+00   4.61e+00   5.00e-01  
3      2.36e+00   1.02e+01   6.25e-02  
4      1.80e+00   1.76e+01   3.12e-02  
5      1.29e+00   7.43e+00   6.25e-02  
6      5.47e-01   7.54e+00   3.12e-02  
7      1.12e-01   2.38e+00   6.25e-02  
8      1.11e-01   2.82e+00   3.12e-02  
9      1.99e-02   5.91e-01   3.12e-02  
10     1.44e-02   1.28e-01   5.00e-01  
11     1.30e-02   6.11e-01   3.12e-02  
12     7.88e-03   1.26e-01   6.25e-02  
13     7.55e-03   1.53e-01   6.25e-02  
14     7.34e-03   1.98e-01   3.12e-02  
15     6.75e-03   8.67e-02   1.25e-01  
16     6.29e-03   1.67e-01   6.25e-02  
17     6.28e-03   2.28e-01   3.12e-02  
18     5.55e-03   8.40e-02   1.25e-01  
19     5.39e-03   1.98e-01   3.12e-02  
20     4.84e-03   7.78e-02   1.25e-01  
21     4.71e-03   1.87e-01   3.12e-02  
22     4.23e-03   7.42e-02   1.25e-01  
23     4.20e-03   1.90e-01   3.12e-02  
24     3.72e-03   7.34e-02   6.25e-02  
25     3.57e-03   9.29e-02   6.25e-02  
26     3.50e-03   1.31e-01   3.12e-02  
27     3.26e-03   6.21e-02   1.25e-01  
28     3.20e-03   1.57e-01   3.12e-02  
29     2.89e-03   6.63e-02   6.25e-02  
30     2.79e-03   8.79e-02   6.25e-02  
31     2.77e-03   1.29e-01   3.12e-02  
32     2.54e-03   5.80e-02   6.25e-02  
33     2.45e-03   7.48e-02   6.25e-02  
34     2.41e-03   1.09e-01   3.12e-02  
35     2.25e-03   5.31e-02   6.25e-02  
36     2.17e-03   6.85e-02   6.25e-02  
37     2.13e-03   1.00e-01   3.12e-02  
38     2.00e-03   4.94e-02   6.25e-02  
39     1.92e-03   6.38e-02   6.25e-02  
40     1.89e-03   9.45e-02   3.12e-02  
41     1.77e-03   4.73e-02   6.25e-02  
42     1.71e-03   6.27e-02   6.25e-02  
43     1.70e-03   9.48e-02   3.12e-02  
44     1.58e-03   4.61e-02   6.25e-02  
45     1.53e-03   6.28e-02   6.25e-02  
46     1.53e-03   9.78e-02   3.12e-02  
47     1.41e-03   4.66e-02   6.25e-02  
48     1.37e-03   6.68e-02   3.12e-02  
49     1.31e-03   3.78e-02   1.25e-01  
50     1.30e-03   1.04e-01   3.12e-02  
51     1.18e-03   4.77e-02   6.25e-02  
52     1.16e-03   7.27e-02   3.12e-02  
53     1.09e-03   3.80e-02   6.25e-02  
54     1.06e-03   5.33e-02   3.12e-02  
55     1.02e-03   3.22e-02   1.25e-01  
56     1.00e-03   8.56e-02   3.12e-02  
57     9.19e-04   4.12e-02   6.25e-02  
58     9.06e-04   6.34e-02   3.12e-02  
59     8.55e-04   3.38e-02   6.25e-02  
60     8.32e-04   4.85e-02   3.12e-02  
61     7.98e-04   2.91e-02   1.25e-01  
62     7.97e-04   8.24e-02   3.12e-02  
63     7.23e-04   3.95e-02   6.25e-02  
64     7.20e-04   6.34e-02   3.12e-02  
65     6.73e-04   3.27e-02   6.25e-02  
66     6.61e-04   4.99e-02   3.12e-02  
67     6.29e-04   2.80e-02   6.25e-02  
68     6.12e-04   4.02e-02   3.12e-02  
69     5.88e-04   2.48e-02   6.25e-02  
70     5.69e-04   3.33e-02   6.25e-02  
71     5.64e-04   5.33e-02   3.12e-02  
72     5.31e-04   2.83e-02   6.25e-02  
73     5.21e-04   4.31e-02   3.12e-02  
74     4.96e-04   2.47e-02   6.25e-02  
75     4.83e-04   3.57e-02   3.12e-02  
76     4.65e-04   2.21e-02   6.25e-02  
77     4.50e-04   3.02e-02   6.25e-02  
78     4.48e-04   4.94e-02   3.12e-02  
79     4.21e-04   2.63e-02   6.25e-02  
80     4.15e-04   4.15e-02   3.12e-02  
81     3.94e-04   2.33e-02   6.25e-02  
82     3.85e-04   3.53e-02   3.12e-02  
83     3.69e-04   2.10e-02   6.25e-02  
84     3.59e-04   3.05e-02   3.12e-02  
85     3.46e-04   1.92e-02   6.25e-02  
86     3.36e-04   2.67e-02   3.12e-02  
87     3.25e-04   1.77e-02   1.25e-01  
88     3.22e-04   4.99e-02   3.12e-02  
89     2.96e-04   2.57e-02   3.12e-02  
90     2.86e-04   1.68e-02   1.25e-01  
91     2.86e-04   4.88e-02   3.12e-02  
92     2.62e-04   2.49e-02   3.12e-02  
93     2.53e-04   1.61e-02   6.25e-02  
94     2.45e-04   2.25e-02   3.12e-02  
95     2.37e-04   1.51e-02   1.25e-01  
96     2.36e-04   4.32e-02   3.12e-02  
97     2.17e-04   2.26e-02   3.12e-02  
98     2.10e-04   1.47e-02   6.25e-02  
99     2.04e-04   2.06e-02   3.12e-02  
100    1.97e-04   1.38e-02   1.25e-01  
101    1.97e-04   4.01e-02   3.12e-02  
102    1.81e-04   2.09e-02   3.12e-02  
103    1.75e-04   1.35e-02   6.25e-02  
104    1.70e-04   1.94e-02   3.12e-02  
105    1.64e-04   1.28e-02   6.25e-02  
106    1.59e-04   1.80e-02   3.12e-02  
107    1.54e-04   1.22e-02   6.25e-02  
108    1.50e-04   1.69e-02   6.25e-02  
109    1.49e-04   2.85e-02   3.12e-02  
110    1.41e-04   1.58e-02   6.25e-02  
111    1.40e-04   2.64e-02   3.12e-02  
112    1.32e-04   1.49e-02   6.25e-02  
113    1.31e-04   2.47e-02   3.12e-02  
114    1.24e-04   1.41e-02   6.25e-02  
115    1.23e-04   2.32e-02   3.12e-02  
116    1.17e-04   1.34e-02   6.25e-02  
117    1.16e-04   2.18e-02   3.12e-02  
118    1.10e-04   1.28e-02   6.25e-02  
119    1.09e-04   2.07e-02   3.12e-02  
120    1.04e-04   1.22e-02   6.25e-02  
121    1.02e-04   1.96e-02   3.12e-02  
122    9.76e-05   1.17e-02   6.25e-02  
123    9.61e-05   1.87e-02   3.12e-02  
124    9.19e-05   1.12e-02   6.25e-02  
125    9.04e-05   1.79e-02   3.12e-02  
126    8.65e-05   1.08e-02   6.25e-02  
127    8.51e-05   1.72e-02   3.12e-02  
128    8.15e-05   1.04e-02   6.25e-02  
129    8.01e-05   1.66e-02   3.12e-02  
130    7.68e-05   1.01e-02   6.25e-02  
131    7.54e-05   1.60e-02   3.12e-02  
132    7.23e-05   9.79e-03   6.25e-02  
133    7.11e-05   1.56e-02   3.12e-02  
134    6.81e-05   9.51e-03   6.25e-02  
135    6.70e-05   1.51e-02   3.12e-02  
136    6.42e-05   9.25e-03   6.25e-02  
137    6.31e-05   1.48e-02   3.12e-02  
138    6.05e-05   9.01e-03   6.25e-02  
139    5.95e-05   1.44e-02   3.12e-02  
140    5.70e-05   8.80e-03   6.25e-02  
141    5.61e-05   1.42e-02   3.12e-02  
142    5.38e-05   8.61e-03   6.25e-02  
143    5.30e-05   1.39e-02   3.12e-02  
144    5.07e-05   8.44e-03   6.25e-02  
145    5.00e-05   1.37e-02   3.12e-02  
146    4.78e-05   8.29e-03   6.25e-02  
147    4.72e-05   1.36e-02   3.12e-02  
148    4.51e-05   8.15e-03   6.25e-02  
149    4.45e-05   1.34e-02   3.12e-02  
150    4.25e-05   8.04e-03   6.25e-02  
151    4.21e-05   1.34e-02   3.12e-02  
152    4.01e-05   7.94e-03   6.25e-02  
153    3.98e-05   1.33e-02   3.12e-02  
154    3.78e-05   7.86e-03   6.25e-02  
155    3.76e-05   1.33e-02   3.12e-02  
156    3.57e-05   7.79e-03   6.25e-02  
157    3.56e-05   1.33e-02   3.12e-02  
158    3.37e-05   7.74e-03   6.25e-02  
159    3.36e-05   1.33e-02   3.12e-02  
160    3.18e-05   7.71e-03   3.12e-02  
161    3.09e-05   5.41e-03   6.25e-02  
162    3.00e-05   7.71e-03   3.12e-02  
163    2.91e-05   5.34e-03   6.25e-02  
164    2.83e-05   7.72e-03   3.12e-02  
165    2.75e-05   5.27e-03   6.25e-02  
166    2.68e-05   7.75e-03   3.12e-02  
167    2.59e-05   5.22e-03   6.25e-02  
168    2.53e-05   7.80e-03   3.12e-02  
169    2.45e-05   5.17e-03   6.25e-02  
170    2.39e-05   7.87e-03   3.12e-02  
171    2.31e-05   5.14e-03   6.25e-02  
172    2.26e-05   7.96e-03   3.12e-02  
173    2.18e-05   5.12e-03   6.25e-02  
174    2.14e-05   8.07e-03   3.12e-02  
175    2.06e-05   5.12e-03   6.25e-02  
176    2.02e-05   8.21e-03   3.12e-02  
177    1.94e-05   5.12e-03   6.25e-02  
178    1.91e-05   8.36e-03   3.12e-02  
179    1.83e-05   5.14e-03   6.25e-02  
180    1.81e-05   8.55e-03   3.12e-02  
181    1.73e-05   5.18e-03   6.25e-02  
182    1.72e-05   8.75e-03   3.12e-02  
183    1.64e-05   5.23e-03   6.25e-02  
184    1.63e-05   8.98e-03   3.12e-02  
185    1.55e-05   5.30e-03   3.12e-02  
186    1.50e-05   3.75e-03   6.25e-02  
187    1.46e-05   5.37e-03   3.12e-02  
188    1.42e-05   3.73e-03   6.25e-02  
189    1.38e-05   5.47e-03   3.12e-02  
190    1.34e-05   3.72e-03   6.25e-02  
191    1.31e-05   5.58e-03   3.12e-02  
192    1.26e-05   3.72e-03   6.25e-02  
193    1.24e-05   5.71e-03   3.12e-02  
194    1.19e-05   3.73e-03   6.25e-02  
195    1.17e-05   5.86e-03   3.12e-02  
196    1.13e-05   3.75e-03   6.25e-02  
197    1.11e-05   6.03e-03   3.12e-02  
198    1.07e-05   3.79e-03   6.25e-02  
199    1.05e-05   6.22e-03   3.12e-02  
200    1.01e-05   3.84e-03   6.25e-02  
201    9.96e-06   6.43e-03   3.12e-02  
202    9.51e-06   3.90e-03   6.25e-02  
203    9.46e-06   6.67e-03   3.12e-02  
204    8.99e-06   3.98e-03   6.25e-02  
205    8.99e-06   6.93e-03   3.12e-02  
206    8.50e-06   4.07e-03   3.12e-02  
207    8.26e-06   2.84e-03   6.25e-02  
208    8.04e-06   4.18e-03   3.12e-02  
209    7.80e-06   2.85e-03   6.25e-02  
210    7.61e-06   4.31e-03   3.12e-02  
211    7.36e-06   2.87e-03   6.25e-02  
212    7.21e-06   4.45e-03   3.12e-02  
213    6.96e-06   2.90e-03   6.25e-02  
214    6.83e-06   4.62e-03   3.12e-02  
215    6.57e-06   2.94e-03   6.25e-02  
216    6.48e-06   4.80e-03   3.12e-02  
217    6.21e-06   2.99e-03   6.25e-02  
218    6.15e-06   5.01e-03   3.12e-02  
219    5.87e-06   3.06e-03   6.25e-02  
220    5.84e-06   5.24e-03   3.12e-02  
221    5.56e-06   3.14e-03   3.12e-02  
222    5.40e-06   2.24e-03   6.25e-02  
223    5.26e-06   3.23e-03   3.12e-02  
224    5.10e-06   2.25e-03   6.25e-02  
225    4.98e-06   3.34e-03   3.12e-02  
226    4.82e-06   2.27e-03   6.25e-02  
227    4.71e-06   3.46e-03   3.12e-02  
228    4.56e-06   2.29e-03   6.25e-02  
229    4.46e-06   3.61e-03   3.12e-02  
230    4.30e-06   2.33e-03   6.25e-02  
231    4.23e-06   3.77e-03   3.12e-02  
232    4.07e-06   2.37e-03   6.25e-02  
233    4.02e-06   3.95e-03   3.12e-02  
234    3.85e-06   2.43e-03   6.25e-02  
235    3.82e-06   4.14e-03   3.12e-02  
236    3.64e-06   2.50e-03   6.25e-02  
237    3.64e-06   4.37e-03   3.12e-02  
238    3.44e-06   2.58e-03   3.12e-02  
239    3.35e-06   1.81e-03   6.25e-02  
240    3.26e-06   2.68e-03   3.12e-02  
241    3.16e-06   1.83e-03   6.25e-02  
242    3.09e-06   2.80e-03   3.12e-02  
243    2.99e-06   1.85e-03   6.25e-02  
244    2.93e-06   2.92e-03   3.12e-02  
245    2.82e-06   1.89e-03   6.25e-02  
246    2.78e-06   3.07e-03   3.12e-02  
247    2.67e-06   1.93e-03   6.25e-02  
248    2.64e-06   3.23e-03   3.12e-02  
249    2.52e-06   1.99e-03   6.25e-02  
250    2.51e-06   3.41e-03   3.12e-02  
251    2.39e-06   2.06e-03   3.12e-02  
252    2.32e-06   1.47e-03   6.25e-02  
253    2.26e-06   2.13e-03   3.12e-02  
254    2.20e-06   1.48e-03   6.25e-02  
255    2.14e-06   2.22e-03   3.12e-02  
256    2.07e-06   1.50e-03   6.25e-02  
257    2.03e-06   2.33e-03   3.12e-02  
258    1.96e-06   1.53e-03   6.25e-02  
259    1.93e-06   2.45e-03   3.12e-02  
260    1.85e-06   1.57e-03   6.25e-02  
261    1.83e-06   2.58e-03   3.12e-02  
262    1.75e-06   1.61e-03   6.25e-02  
263    1.74e-06   2.73e-03   3.12e-02  
264    1.66e-06   1.66e-03   6.25e-02  
265    1.66e-06   2.90e-03   3.12e-02  
266    1.57e-06   1.73e-03   3.12e-02  
267    1.53e-06   1.22e-03   6.25e-02  
268    1.49e-06   1.80e-03   3.12e-02  
269    1.44e-06   1.23e-03   6.25e-02  
270    1.41e-06   1.89e-03   3.12e-02  
271    1.36e-06   1.26e-03   6.25e-02  
272    1.34e-06   1.99e-03   3.12e-02  
273    1.29e-06   1.28e-03   6.25e-02  
274    1.27e-06   2.10e-03   3.12e-02  
275    1.22e-06   1.32e-03   6.25e-02  
276    1.21e-06   2.23e-03   3.12e-02  
277    1.15e-06   1.37e-03   6.25e-02  
278    1.15e-06   2.37e-03   3.12e-02  
279    1.09e-06   1.42e-03   3.12e-02  
280    1.06e-06   1.01e-03   6.25e-02  
281    1.03e-06   1.49e-03   3.12e-02  
282    1.00e-06   1.02e-03   6.25e-02  
283    9.80e-07   1.56e-03   3.12e-02  
284    9.48e-07   1.04e-03   6.25e-02  
285    9.30e-07   1.64e-03   3.12e-02  
286    8.97e-07   1.07e-03   6.25e-02  
287    8.83e-07   1.74e-03   3.12e-02  
288    8.48e-07   1.10e-03   6.25e-02  
289    8.39e-07   1.85e-03   3.12e-02  
290    8.02e-07   1.14e-03   6.25e-02  
291    7.99e-07   1.97e-03   3.12e-02  
292    7.60e-07   1.18e-03   3.12e-02  
293    7.39e-07   8.41e-04   6.25e-02  
294    7.20e-07   1.24e-03   3.12e-02  
295    6.98e-07   8.53e-04   6.25e-02  
296    6.82e-07   1.30e-03   3.12e-02  
297    6.60e-07   8.69e-04   6.25e-02  
298    6.47e-07   1.38e-03   3.12e-02  
299    6.24e-07   8.91e-04   6.25e-02  
300    6.15e-07   1.46e-03   3.12e-02  
301    5.90e-07   9.19e-04   6.25e-02  
302    5.85e-07   1.55e-03   3.12e-02  
303    5.59e-07   9.54e-04   6.25e-02  
304    5.57e-07   1.66e-03   3.12e-02  
305    5.29e-07   9.95e-04   3.12e-02  
306    5.14e-07   7.05e-04   6.25e-02  
307    5.01e-07   1.04e-03   3.12e-02  
308    4.86e-07   7.16e-04   6.25e-02  
309    4.75e-07   1.10e-03   3.12e-02  
310    4.59e-07   7.31e-04   6.25e-02  
311    4.51e-07   1.16e-03   3.12e-02  
312    4.35e-07   7.51e-04   6.25e-02  
313    4.28e-07   1.24e-03   3.12e-02  
314    4.11e-07   7.76e-04   6.25e-02  
315    4.08e-07   1.32e-03   3.12e-02  
316    3.89e-07   8.07e-04   6.25e-02  
317    3.88e-07   1.41e-03   3.12e-02  
318    3.68e-07   8.43e-04   3.12e-02  
319    3.58e-07   5.94e-04   6.25e-02  
320    3.49e-07   8.87e-04   3.12e-02  
321    3.38e-07   6.04e-04   6.25e-02  
322    3.31e-07   9.36e-04   3.12e-02  
323    3.20e-07   6.18e-04   6.25e-02  
324    3.14e-07   9.94e-04   3.12e-02  
325    3.03e-07   6.37e-04   6.25e-02  
326    2.99e-07   1.06e-03   3.12e-02  
327    2.86e-07   6.60e-04   6.25e-02  
328    2.85e-07   1.13e-03   3.12e-02  
329    2.71e-07   6.88e-04   3.12e-02  
330    2.64e-07   4.96e-04   6.25e-02  
331    2.57e-07   7.21e-04   3.12e-02  
332    2.49e-07   5.02e-04   6.25e-02  
333    2.43e-07   7.59e-04   3.12e-02  
334    2.36e-07   5.12e-04   6.25e-02  
335    2.31e-07   8.04e-04   3.12e-02  
336    2.23e-07   5.26e-04   6.25e-02  
337    2.19e-07   8.55e-04   3.12e-02  
338    2.11e-07   5.43e-04   6.25e-02  
339    2.09e-07   9.13e-04   3.12e-02  
340    2.00e-07   5.64e-04   6.25e-02  
341    1.99e-07   9.77e-04   3.12e-02  
342    1.89e-07   5.89e-04   3.12e-02  
343    1.84e-07   4.20e-04   6.25e-02  
344    1.79e-07   6.20e-04   3.12e-02  
345    1.74e-07   4.27e-04   6.25e-02  
346    1.70e-07   6.55e-04   3.12e-02  
347    1.64e-07   4.36e-04   6.25e-02  
348    1.61e-07   6.95e-04   3.12e-02  
349    1.55e-07   4.49e-04   6.25e-02  
350    1.53e-07   7.41e-04   3.12e-02  
351    1.47e-07   4.65e-04   6.25e-02  
352    1.46e-07   7.93e-04   3.12e-02  
353    1.39e-07   4.85e-04   6.25e-02  
354    1.39e-07   8.51e-04   3.12e-02  
355    1.32e-07   5.09e-04   3.12e-02  
356    1.28e-07   3.57e-04   6.25e-02  
357    1.25e-07   5.36e-04   3.12e-02  
358    1.21e-07   3.64e-04   6.25e-02  
359    1.19e-07   5.68e-04   3.12e-02  
360    1.15e-07   3.73e-04   6.25e-02  
361    1.13e-07   6.05e-04   3.12e-02  
362    1.08e-07   3.86e-04   6.25e-02  
363    1.07e-07   6.46e-04   3.12e-02  
364    1.03e-07   4.01e-04   6.25e-02  
365    1.02e-07   6.93e-04   3.12e-02  
366    9.71e-08   4.19e-04   3.12e-02  
367    9.44e-08   3.00e-04   6.25e-02  
368    9.20e-08   4.41e-04   3.12e-02  
369    8.93e-08   3.05e-04   6.25e-02  
370    8.73e-08   4.66e-04   3.12e-02  
371    8.44e-08   3.12e-04   6.25e-02  
372    8.28e-08   4.95e-04   3.12e-02  
373    7.99e-08   3.21e-04   6.25e-02  
374    7.87e-08   5.29e-04   3.12e-02  
375    7.56e-08   3.33e-04   6.25e-02  
376    7.49e-08   5.66e-04   3.12e-02  
377    7.15e-08   3.47e-04   6.25e-02  
378    7.15e-08   6.08e-04   3.12e-02  
379    6.78e-08   3.64e-04   3.12e-02  
380    6.58e-08   2.56e-04   6.25e-02  
381    6.42e-08   3.84e-04   3.12e-02  
382    6.23e-08   2.61e-04   6.25e-02  
383    6.10e-08   4.08e-04   3.12e-02  
384    5.89e-08   2.68e-04   6.25e-02  
385    5.79e-08   4.34e-04   3.12e-02  
386    5.57e-08   2.77e-04   6.25e-02  
387    5.51e-08   4.65e-04   3.12e-02  
388    5.27e-08   2.88e-04   6.25e-02  
389    5.25e-08   4.99e-04   3.12e-02  
390    4.99e-08   3.02e-04   3.12e-02  
391    4.86e-08   2.15e-04   6.25e-02  
392    4.73e-08   3.18e-04   3.12e-02  
393    4.59e-08   2.19e-04   6.25e-02  
394    4.49e-08   3.36e-04   3.12e-02  
395    4.34e-08   2.24e-04   6.25e-02  
396    4.26e-08   3.58e-04   3.12e-02  
397    4.11e-08   2.31e-04   6.25e-02  
398    4.05e-08   3.82e-04   3.12e-02  
399    3.89e-08   2.40e-04   6.25e-02  
400    3.86e-08   4.10e-04   3.12e-02  
401    3.68e-08   2.51e-04   6.25e-02  
402    3.68e-08   4.41e-04   3.12e-02  
403    3.49e-08   2.63e-04   3.12e-02  
404    3.39e-08   1.84e-04   6.25e-02  
405    3.30e-08   2.78e-04   3.12e-02  
406    3.20e-08   1.88e-04   6.25e-02  
407    3.14e-08   2.96e-04   3.12e-02  
408    3.03e-08   1.94e-04   6.25e-02  
409    2.98e-08   3.16e-04   3.12e-02  
410    2.86e-08   2.00e-04   6.25e-02  
411    2.83e-08   3.38e-04   3.12e-02  
412    2.71e-08   2.09e-04   6.25e-02  
413    2.70e-08   3.63e-04   3.12e-02  
414    2.57e-08   2.19e-04   3.12e-02  
415    2.50e-08   1.55e-04   6.25e-02  
416    2.43e-08   2.31e-04   3.12e-02  
417    2.36e-08   1.58e-04   6.25e-02  
418    2.31e-08   2.45e-04   3.12e-02  
419    2.23e-08   1.62e-04   6.25e-02  
420    2.19e-08   2.61e-04   3.12e-02  
421    2.11e-08   1.68e-04   6.25e-02  
422    2.09e-08   2.79e-04   3.12e-02  
423    2.00e-08   1.74e-04   6.25e-02  
424    1.99e-08   3.00e-04   3.12e-02  
425    1.89e-08   1.82e-04   3.12e-02  
426    1.84e-08   1.31e-04   6.25e-02  
427    1.79e-08   1.92e-04   3.12e-02  
428    1.74e-08   1.34e-04   6.25e-02  
429    1.70e-08   2.03e-04   3.12e-02  
430    1.65e-08   1.37e-04   6.25e-02  
431    1.61e-08   2.16e-04   3.12e-02  
432    1.56e-08   1.41e-04   6.25e-02  
433    1.53e-08   2.31e-04   3.12e-02  
434    1.47e-08   1.46e-04   6.25e-02  
435    1.46e-08   2.48e-04   3.12e-02  
436    1.40e-08   1.52e-04   6.25e-02  
437    1.39e-08   2.67e-04   3.12e-02  
438    1.32e-08   1.60e-04   3.12e-02  
439    1.28e-08   1.13e-04   6.25e-02  
440    1.25e-08   1.69e-04   3.12e-02  
441    1.21e-08   1.15e-04   6.25e-02  
442    1.19e-08   1.80e-04   3.12e-02  
443    1.15e-08   1.18e-04   6.25e-02  
444    1.13e-08   1.92e-04   3.12e-02  
445    1.09e-08   1.22e-04   6.25e-02  
446    1.07e-08   2.05e-04   3.12e-02  
447    1.03e-08   1.27e-04   6.25e-02  
448    1.02e-08   2.21e-04   3.12e-02  
449    9.74e-09   1.34e-04   3.12e-02  
450    9.47e-09   9.53e-05   6.25e-02  
451    9.23e-09   1.41e-04   3.12e-02  
452    8.96e-09   9.70e-05   6.25e-02  
453    8.76e-09   1.49e-04   3.12e-02  
454    8.47e-09   9.95e-05   6.25e-02  
455    8.32e-09   1.59e-04   3.12e-02  
456    8.01e-09   1.03e-04   6.25e-02  
457    7.91e-09   1.70e-04   3.12e-02  
458    7.58e-09   1.07e-04   6.25e-02  
459    7.53e-09   1.83e-04   3.12e-02  
460    7.18e-09   1.12e-04   3.12e-02  
461    6.99e-09   8.06e-05   6.25e-02  
462    6.80e-09   1.18e-04   3.12e-02  
463    6.61e-09   8.19e-05   6.25e-02  
464    6.45e-09   1.24e-04   3.12e-02  
465    6.25e-09   8.38e-05   6.25e-02  
466    6.12e-09   1.32e-04   3.12e-02  
467    5.91e-09   8.63e-05   6.25e-02  
468    5.82e-09   1.41e-04   3.12e-02  
469    5.59e-09   8.95e-05   6.25e-02  
470    5.54e-09   1.52e-04   3.12e-02  
471    5.29e-09   9.35e-05   6.25e-02  
472    5.28e-09   1.63e-04   3.12e-02  
473    5.02e-09   9.82e-05   3.12e-02  
474    4.87e-09   6.93e-05   6.25e-02  
475    4.75e-09   1.04e-04   3.12e-02  
476    4.61e-09   7.07e-05   6.25e-02  
477    4.51e-09   1.10e-04   3.12e-02  
478    4.36e-09   7.27e-05   6.25e-02  
479    4.29e-09   1.18e-04   3.12e-02  
480    4.12e-09   7.52e-05   6.25e-02  
481    4.08e-09   1.26e-04   3.12e-02  
482    3.90e-09   7.83e-05   6.25e-02  
483    3.89e-09   1.36e-04   3.12e-02  
484    3.70e-09   8.21e-05   3.12e-02  
485    3.60e-09   5.86e-05   6.25e-02  
486    3.50e-09   8.66e-05   3.12e-02  
487    3.40e-09   5.97e-05   6.25e-02  
488    3.32e-09   9.19e-05   3.12e-02  
489    3.21e-09   6.12e-05   6.25e-02  
490    3.16e-09   9.80e-05   3.12e-02  
491    3.04e-09   6.32e-05   6.25e-02  
492    3.00e-09   1.05e-04   3.12e-02  
493    2.88e-09   6.57e-05   6.25e-02  
494    2.86e-09   1.13e-04   3.12e-02  
495    2.73e-09   6.88e-05   3.12e-02  
496    2.65e-09   4.97e-05   6.25e-02  
497    2.58e-09   7.24e-05   3.12e-02  
498    2.51e-09   5.05e-05   6.25e-02  
499    2.45e-09   7.67e-05   3.12e-02  
500    2.37e-09   5.17e-05   6.25e-02  
501    2.32e-09   8.16e-05   3.12e-02  
502    2.24e-09   5.32e-05   6.25e-02  
503    2.21e-09   8.73e-05   3.12e-02  
504    2.12e-09   5.52e-05   6.25e-02  
505    2.10e-09   9.37e-05   3.12e-02  
506    2.01e-09   5.77e-05   6.25e-02  
507    2.01e-09   1.01e-04   3.12e-02  
508    1.90e-09   6.06e-05   3.12e-02  
509    1.85e-09   4.27e-05   6.25e-02  
510    1.80e-09   6.41e-05   3.12e-02  
511    1.75e-09   4.36e-05   6.25e-02  
512    1.71e-09   6.81e-05   3.12e-02  
513    1.65e-09   4.49e-05   6.25e-02  
514    1.63e-09   7.27e-05   3.12e-02  
515    1.57e-09   4.64e-05   6.25e-02  
516    1.55e-09   7.80e-05   3.12e-02  
517    1.48e-09   4.84e-05   6.25e-02  
518    1.48e-09   8.39e-05   3.12e-02  
519    1.40e-09   5.08e-05   3.12e-02  
520    1.36e-09   3.62e-05   6.25e-02  
521    1.33e-09   5.36e-05   3.12e-02  
522    1.29e-09   3.69e-05   6.25e-02  
523    1.26e-09   5.69e-05   3.12e-02  
524    1.22e-09   3.78e-05   6.25e-02  
525    1.20e-09   6.06e-05   3.12e-02  
526    1.15e-09   3.91e-05   6.25e-02  
527    1.14e-09   6.49e-05   3.12e-02  
528    1.09e-09   4.06e-05   6.25e-02  
529    1.09e-09   6.98e-05   3.12e-02  
530    1.03e-09   4.26e-05   3.12e-02  
531    1.01e-09   3.07e-05   6.25e-02  
532    9.81e-10   4.48e-05   3.12e-02  
533    9.52e-10   3.12e-05   6.25e-02  
534    9.30e-10   4.75e-05   3.12e-02  
535    9.00e-10   3.19e-05   6.25e-02  
536    8.83e-10   5.06e-05   3.12e-02  
537    8.52e-10   3.29e-05   6.25e-02  
538    8.39e-10   5.41e-05   3.12e-02  
539    8.06e-10   3.42e-05   6.25e-02  
540    7.99e-10   5.81e-05   3.12e-02  
541    7.63e-10   3.57e-05   6.25e-02  
542    7.62e-10   6.26e-05   3.12e-02  
543    7.23e-10   3.76e-05   3.12e-02  
544    7.02e-10   2.64e-05   6.25e-02  
545    6.85e-10   3.97e-05   3.12e-02  
546    6.64e-10   2.70e-05   6.25e-02  
547    6.50e-10   4.22e-05   3.12e-02  
548    6.28e-10   2.78e-05   6.25e-02  
549    6.18e-10   4.51e-05   3.12e-02  
550    5.94e-10   2.88e-05   6.25e-02  
551    5.88e-10   4.84e-05   3.12e-02  
552    5.63e-10   3.00e-05   6.25e-02  
553    5.61e-10   5.21e-05   3.12e-02  
554    5.33e-10   3.15e-05   3.12e-02  
555    5.18e-10   2.24e-05   6.25e-02  
556    5.05e-10   3.32e-05   3.12e-02  
557    4.90e-10   2.28e-05   6.25e-02  
558    4.79e-10   3.53e-05   3.12e-02  
559    4.63e-10   2.34e-05   6.25e-02  
560    4.55e-10   3.77e-05   3.12e-02  
561    4.38e-10   2.42e-05   6.25e-02  
562    4.33e-10   4.04e-05   3.12e-02  
563    4.15e-10   2.52e-05   6.25e-02  
564    4.12e-10   4.34e-05   3.12e-02  
565    3.93e-10   2.64e-05   3.12e-02  
566    3.82e-10   1.90e-05   6.25e-02  
567    3.72e-10   2.78e-05   3.12e-02  
568    3.61e-10   1.93e-05   6.25e-02  
569    3.53e-10   2.95e-05   3.12e-02  
570    3.42e-10   1.98e-05   6.25e-02  
571    3.35e-10   3.14e-05   3.12e-02  
572    3.23e-10   2.04e-05   6.25e-02  
573    3.19e-10   3.37e-05   3.12e-02  
574    3.06e-10   2.12e-05   6.25e-02  
575    3.04e-10   3.62e-05   3.12e-02  
576    2.90e-10   2.22e-05   6.25e-02  
577    2.90e-10   3.90e-05   3.12e-02  
578    2.75e-10   2.33e-05   3.12e-02  
579    2.67e-10   1.63e-05   6.25e-02  
580    2.60e-10   2.47e-05   3.12e-02  
581    2.52e-10   1.67e-05   6.25e-02  
582    2.47e-10   2.63e-05   3.12e-02  
583    2.39e-10   1.72e-05   6.25e-02  
584    2.35e-10   2.81e-05   3.12e-02  
585    2.26e-10   1.78e-05   6.25e-02  
586    2.23e-10   3.01e-05   3.12e-02  
587    2.14e-10   1.86e-05   6.25e-02  
588    2.13e-10   3.25e-05   3.12e-02  
589    2.02e-10   1.96e-05   3.12e-02  
590    1.97e-10   1.39e-05   6.25e-02  
591    1.92e-10   2.07e-05   3.12e-02  
592    1.86e-10   1.41e-05   6.25e-02  
593    1.82e-10   2.20e-05   3.12e-02  
594    1.76e-10   1.45e-05   6.25e-02  
595    1.73e-10   2.34e-05   3.12e-02  
596    1.66e-10   1.50e-05   6.25e-02  
597    1.65e-10   2.51e-05   3.12e-02  
598    1.58e-10   1.56e-05   6.25e-02  
599    1.57e-10   2.70e-05   3.12e-02  
600    1.49e-10   1.64e-05   3.12e-02  
601    1.45e-10   1.17e-05   6.25e-02  
602    1.41e-10   1.73e-05   3.12e-02  
603    1.37e-10   1.20e-05   6.25e-02  
604    1.34e-10   1.84e-05   3.12e-02  
605    1.30e-10   1.23e-05   6.25e-02  
606    1.27e-10   1.96e-05   3.12e-02  
607    1.23e-10   1.27e-05   6.25e-02  
608    1.21e-10   2.10e-05   3.12e-02  
609    1.16e-10   1.32e-05   6.25e-02  
610    1.15e-10   2.25e-05   3.12e-02  
611    1.10e-10   1.38e-05   3.12e-02  
612    1.07e-10   9.97e-06   6.25e-02  
613    1.04e-10   1.45e-05   3.12e-02  
614    1.01e-10   1.01e-05   6.25e-02  
615    9.89e-11   1.54e-05   3.12e-02  
616    9.58e-11   1.04e-05   6.25e-02  
617    9.39e-11   1.64e-05   3.12e-02  
618    9.06e-11   1.07e-05   6.25e-02  
619    8.92e-11   1.75e-05   3.12e-02  
620    8.57e-11   1.11e-05   6.25e-02  
621    8.49e-11   1.88e-05   3.12e-02  
622    8.12e-11   1.16e-05   6.25e-02  
623    8.10e-11   2.02e-05   3.12e-02  
624    7.69e-11   1.22e-05   3.12e-02  
625    7.47e-11   8.58e-06   6.25e-02  
626    7.29e-11   1.29e-05   3.12e-02  
627    7.06e-11   8.76e-06   6.25e-02  
628    6.92e-11   1.37e-05   3.12e-02  
629    6.68e-11   9.01e-06   6.25e-02  
630    6.57e-11   1.46e-05   3.12e-02  
631    6.32e-11   9.33e-06   6.25e-02  
632    6.25e-11   1.57e-05   3.12e-02  
633    5.99e-11   9.73e-06   6.25e-02  
634    5.96e-11   1.69e-05   3.12e-02  
635    5.67e-11   1.02e-05   3.12e-02  
636    5.51e-11   7.28e-06   6.25e-02  
637    5.37e-11   1.08e-05   3.12e-02  
638    5.21e-11   7.42e-06   6.25e-02  
639    5.10e-11   1.14e-05   3.12e-02  
640    4.93e-11   7.61e-06   6.25e-02  
641    4.84e-11   1.22e-05   3.12e-02  
642    4.66e-11   7.86e-06   6.25e-02  
643    4.60e-11   1.31e-05   3.12e-02  
644    4.41e-11   8.18e-06   6.25e-02  
645    4.39e-11   1.41e-05   3.12e-02  
646    4.18e-11   8.57e-06   3.12e-02  
647    4.07e-11   6.17e-06   6.25e-02  
648    3.96e-11   9.03e-06   3.12e-02  
649    3.85e-11   6.28e-06   6.25e-02  
650    3.76e-11   9.57e-06   3.12e-02  
651    3.64e-11   6.43e-06   6.25e-02  
652    3.57e-11   1.02e-05   3.12e-02  
653    3.44e-11   6.63e-06   6.25e-02  
654    3.39e-11   1.09e-05   3.12e-02  
655    3.26e-11   6.89e-06   6.25e-02  
656    3.23e-11   1.17e-05   3.12e-02  
657    3.08e-11   7.20e-06   6.25e-02  
658    3.08e-11   1.26e-05   3.12e-02  
659    2.92e-11   7.57e-06   3.12e-02  
660    2.84e-11   5.32e-06   6.25e-02  
661    2.77e-11   8.01e-06   3.12e-02  
662    2.68e-11   5.44e-06   6.25e-02  
663    2.63e-11   8.53e-06   3.12e-02  
664    2.54e-11   5.60e-06   6.25e-02  
665    2.50e-11   9.11e-06   3.12e-02  
666    2.40e-11   5.80e-06   6.25e-02  
667    2.38e-11   9.78e-06   3.12e-02  
668    2.27e-11   6.05e-06   6.25e-02  
669    2.27e-11   1.05e-05   3.12e-02  
670    2.15e-11   6.35e-06   3.12e-02  
671    2.09e-11   4.51e-06   6.25e-02  
672    2.04e-11   6.71e-06   3.12e-02  
673    1.98e-11   4.60e-06   6.25e-02  
674    1.94e-11   7.13e-06   3.12e-02  
675    1.87e-11   4.72e-06   6.25e-02  
676    1.84e-11   7.61e-06   3.12e-02  
677    1.77e-11   4.89e-06   6.25e-02  
678    1.75e-11   8.16e-06   3.12e-02  
679    1.68e-11   5.09e-06   6.25e-02  
680    1.67e-11   8.78e-06   3.12e-02  
681    1.59e-11   5.33e-06   3.12e-02  
682    1.54e-11   3.82e-06   6.25e-02  
683    1.50e-11   5.63e-06   3.12e-02  
684    1.46e-11   3.89e-06   6.25e-02  
685    1.43e-11   5.97e-06   3.12e-02  
686    1.38e-11   3.99e-06   6.25e-02  
687    1.36e-11   6.36e-06   3.12e-02  
688    1.31e-11   4.12e-06   6.25e-02  
689    1.29e-11   6.81e-06   3.12e-02  
690    1.24e-11   4.28e-06   6.25e-02  
691    1.23e-11   7.32e-06   3.12e-02  
692    1.17e-11   4.48e-06   3.12e-02  
693    1.14e-11   3.25e-06   6.25e-02  
694    1.11e-11   4.72e-06   3.12e-02  
695    1.08e-11   3.30e-06   6.25e-02  
696    1.05e-11   5.00e-06   3.12e-02  
697    1.02e-11   3.37e-06   6.25e-02  
698    9.99e-12   5.32e-06   3.12e-02  
699    9.64e-12   3.48e-06   6.25e-02  
700    9.49e-12   5.69e-06   3.12e-02  
701    9.12e-12   3.61e-06   6.25e-02  
702    9.03e-12   6.11e-06   3.12e-02  
703    8.63e-12   3.76e-06   6.25e-02  
704    8.61e-12   6.58e-06   3.12e-02  
705    8.18e-12   3.96e-06   3.12e-02  
706    7.95e-12   2.80e-06   6.25e-02  
707    7.75e-12   4.18e-06   3.12e-02  
708    7.52e-12   2.85e-06   6.25e-02  
709    7.36e-12   4.45e-06   3.12e-02  
710    7.11e-12   2.93e-06   6.25e-02  
711    6.99e-12   4.75e-06   3.12e-02  
712    6.73e-12   3.04e-06   6.25e-02  
713    6.65e-12   5.10e-06   3.12e-02  
714    6.37e-12   3.17e-06   6.25e-02  
715    6.34e-12   5.49e-06   3.12e-02  
716    6.03e-12   3.32e-06   3.12e-02  
717    5.86e-12   2.37e-06   6.25e-02  
718    5.72e-12   3.51e-06   3.12e-02  
719    5.55e-12   2.42e-06   6.25e-02  
720    5.42e-12   3.72e-06   3.12e-02  
721    5.24e-12   2.48e-06   6.25e-02  
722    5.15e-12   3.97e-06   3.12e-02  
723    4.96e-12   2.56e-06   6.25e-02  
724    4.90e-12   4.25e-06   3.12e-02  
725    4.70e-12   2.66e-06   6.25e-02  
726    4.67e-12   4.57e-06   3.12e-02  
727    4.45e-12   2.79e-06   3.12e-02  
728    4.33e-12   2.01e-06   6.25e-02  
729    4.21e-12   2.94e-06   3.12e-02  
730    4.09e-12   2.05e-06   6.25e-02  
731    4.00e-12   3.12e-06   3.12e-02  
732    3.87e-12   2.09e-06   6.25e-02  
733    3.79e-12   3.32e-06   3.12e-02  
734    3.66e-12   2.16e-06   6.25e-02  
735    3.61e-12   3.55e-06   3.12e-02  
736    3.46e-12   2.24e-06   6.25e-02  
737    3.43e-12   3.82e-06   3.12e-02  
738    3.28e-12   2.34e-06   6.25e-02  
739    3.28e-12   4.11e-06   3.12e-02  
740    3.11e-12   2.47e-06   3.12e-02  
741    3.02e-12   1.73e-06   6.25e-02  
742    2.95e-12   2.61e-06   3.12e-02  
743    2.85e-12   1.77e-06   6.25e-02  
744    2.80e-12   2.78e-06   3.12e-02  
745    2.70e-12   1.82e-06   6.25e-02  
746    2.66e-12   2.97e-06   3.12e-02  
747    2.55e-12   1.89e-06   6.25e-02  
748    2.53e-12   3.18e-06   3.12e-02  
749    2.42e-12   1.97e-06   6.25e-02  
750    2.41e-12   3.43e-06   3.12e-02  
751    2.29e-12   2.07e-06   3.12e-02  
752    2.23e-12   1.47e-06   6.25e-02  
753    2.17e-12   2.19e-06   3.12e-02  
754    2.11e-12   1.50e-06   6.25e-02  
755    2.06e-12   2.32e-06   3.12e-02  
756    1.99e-12   1.54e-06   6.25e-02  
757    1.96e-12   2.48e-06   3.12e-02  
758    1.88e-12   1.59e-06   6.25e-02  
759    1.86e-12   2.66e-06   3.12e-02  
760    1.78e-12   1.66e-06   6.25e-02  
761    1.77e-12   2.86e-06   3.12e-02  
762    1.69e-12   1.74e-06   3.12e-02  
763    1.64e-12   1.25e-06   6.25e-02  
764    1.60e-12   1.83e-06   3.12e-02  
765    1.55e-12   1.27e-06   6.25e-02  
766    1.52e-12   1.94e-06   3.12e-02  
767    1.47e-12   1.30e-06   6.25e-02  
768    1.44e-12   2.07e-06   3.12e-02  
769    1.39e-12   1.34e-06   6.25e-02  
770    1.37e-12   2.22e-06   3.12e-02  
771    1.32e-12   1.40e-06   6.25e-02  
772    1.31e-12   2.38e-06   3.12e-02  
773    1.25e-12   1.46e-06   3.12e-02  
774    1.21e-12   1.06e-06   6.25e-02  
775    1.18e-12   1.54e-06   3.12e-02  
776    1.15e-12   1.07e-06   6.25e-02  
777    1.12e-12   1.63e-06   3.12e-02  
778    1.08e-12   1.10e-06   6.25e-02  
779    1.06e-12   1.73e-06   3.12e-02  
780    1.03e-12   1.13e-06   6.25e-02  
781    1.01e-12   1.85e-06   3.12e-02  
782    9.70e-13   1.17e-06   6.25e-02  
783    9.61e-13   1.99e-06   3.12e-02  
784    9.19e-13   1.23e-06   6.25e-02  
785    9.16e-13   2.14e-06   3.12e-02  
786    8.70e-13   1.29e-06   3.12e-02  
787    8.46e-13   9.11e-07   6.25e-02  
788    8.25e-13   1.36e-06   3.12e-02  
789    8.00e-13   9.30e-07   6.25e-02  
790    7.83e-13   1.45e-06   3.12e-02  
791    7.56e-13   9.56e-07   6.25e-02  
792    7.44e-13   1.55e-06   3.12e-02  
793    7.16e-13   9.90e-07   6.25e-02  
794    7.08e-13   1.66e-06   3.12e-02  
795    6.78e-13   1.03e-06   6.25e-02  
796    6.74e-13   1.79e-06   3.12e-02  
797    6.42e-13   1.08e-06   3.12e-02  
798    6.24e-13   7.73e-07   6.25e-02  
799    6.08e-13   1.14e-06   3.12e-02  
800    5.90e-13   7.87e-07   6.25e-02  
801    5.77e-13   1.21e-06   3.12e-02  
802    5.58e-13   8.08e-07   6.25e-02  
803    5.48e-13   1.29e-06   3.12e-02  
804    5.28e-13   8.34e-07   6.25e-02  
805    5.21e-13   1.39e-06   3.12e-02  
806    5.00e-13   8.68e-07   6.25e-02  
807    4.96e-13   1.49e-06   3.12e-02  
808    4.73e-13   9.09e-07   3.12e-02  
809    4.60e-13   6.56e-07   6.25e-02  
810    4.48e-13   9.58e-07   3.12e-02  
811    4.35e-13   6.67e-07   6.25e-02  
812    4.25e-13   1.02e-06   3.12e-02  
813    4.12e-13   6.83e-07   6.25e-02  
814    4.04e-13   1.08e-06   3.12e-02  
815    3.89e-13   7.04e-07   6.25e-02  
816    3.84e-13   1.16e-06   3.12e-02  
817    3.69e-13   7.31e-07   6.25e-02  
818    3.65e-13   1.24e-06   3.12e-02  
819    3.49e-13   7.64e-07   6.25e-02  
820    3.49e-13   1.34e-06   3.12e-02  
821    3.31e-13   8.04e-07   3.12e-02  
822    3.21e-13   5.65e-07   6.25e-02  
823    3.13e-13   8.50e-07   3.12e-02  
824    3.04e-13   5.77e-07   6.25e-02  
825    2.97e-13   9.04e-07   3.12e-02  
826    2.87e-13   5.94e-07   6.25e-02  
827    2.83e-13   9.67e-07   3.12e-02  
828    2.72e-13   6.16e-07   6.25e-02  
829    2.69e-13   1.04e-06   3.12e-02  
830    2.57e-13   6.42e-07   6.25e-02  
831    2.56e-13   1.12e-06   3.12e-02  
832    2.44e-13   6.74e-07   3.12e-02  
833    2.37e-13   4.79e-07   6.25e-02  
834    2.31e-13   7.12e-07   3.12e-02  
835    2.24e-13   4.89e-07   6.25e-02  
836    2.19e-13   7.57e-07   3.12e-02  
837    2.12e-13   5.02e-07   6.25e-02  
838    2.08e-13   8.08e-07   3.12e-02  
839    2.01e-13   5.19e-07   6.25e-02  
840    1.98e-13   8.66e-07   3.12e-02  
841    1.90e-13   5.40e-07   6.25e-02  
842    1.89e-13   9.32e-07   3.12e-02  
843    1.80e-13   5.66e-07   3.12e-02  
844    1.75e-13   4.06e-07   6.25e-02  
845    1.70e-13   5.97e-07   3.12e-02  
846    1.65e-13   4.14e-07   6.25e-02  
847    1.62e-13   6.33e-07   3.12e-02  
848    1.56e-13   4.24e-07   6.25e-02  
849    1.53e-13   6.75e-07   3.12e-02  
850    1.48e-13   4.38e-07   6.25e-02  
851    1.46e-13   7.23e-07   3.12e-02  
852    1.40e-13   4.55e-07   6.25e-02  
853    1.39e-13   7.77e-07   3.12e-02  
854    1.33e-13   4.76e-07   6.25e-02  
855    1.33e-13   8.38e-07   3.12e-02  
856    1.26e-13   5.01e-07   3.12e-02  
857    1.22e-13   3.50e-07   6.25e-02  
858    1.19e-13   5.30e-07   3.12e-02  
859    1.15e-13   3.59e-07   6.25e-02  
860    1.13e-13   5.65e-07   3.12e-02  
861    1.09e-13   3.69e-07   6.25e-02  
862    1.07e-13   6.04e-07   3.12e-02  
863    1.03e-13   3.83e-07   6.25e-02  
864    1.02e-13   6.48e-07   3.12e-02  
865    9.77e-14   4.00e-07   6.25e-02  
866    9.75e-14   6.98e-07   3.12e-02  
867    9.26e-14   4.20e-07   3.12e-02  
868    9.00e-14   2.97e-07   6.25e-02  
869    8.78e-14   4.44e-07   3.12e-02  
870    8.51e-14   3.03e-07   6.25e-02  
871    8.33e-14   4.72e-07   3.12e-02  
872    8.05e-14   3.12e-07   6.25e-02  
873    7.91e-14   5.04e-07   3.12e-02  
874    7.62e-14   3.23e-07   6.25e-02  
875    7.53e-14   5.41e-07   3.12e-02  
876    7.21e-14   3.36e-07   6.25e-02  
877    7.17e-14   5.82e-07   3.12e-02  
878    6.83e-14   3.53e-07   3.12e-02  
Terminated as iteration=879 as |gradf|=2.52e-07 < threshold=2.77e-07.
Optimized objective function value: 6.64e-14; |gradf|: 2.52e-07. Computing time: 0.080 s.