Iter   f          |gradf|    alpha     
-------------------------------------
1      1.42e+01   1.47e+03   1.00e+00  
2      1.25e+01   2.41e+01   1.00e+00  
3      1.11e+01   2.12e+01   1.00e+00  
4      3.21e+00   6.86e+00   1.00e+00  
5      1.24e+00   2.79e+00   1.00e+00  
6      8.36e-01   2.18e+00   1.00e+00  
7      4.61e-01   1.76e+00   1.00e+00  
8      2.98e-01   4.07e+00   1.00e+00  
9      1.06e-01   8.22e-01   1.00e+00  
10     6.72e-02   3.72e-01   1.00e+00  
11     3.89e-02   9.30e-01   1.00e+00  
12     2.00e-02   4.52e-01   1.00e+00  
13     2.68e-03   5.40e-02   1.00e+00  
14     4.78e-04   1.20e-01   2.50e-01  
15     3.70e-04   1.69e-01   1.00e+00  
16     2.88e-06   1.42e-03   1.00e+00  
17     8.29e-07   3.65e-03   1.00e+00  
18     1.58e-10   8.29e-05   1.00e+00  
19     9.07e-11   8.65e-05   1.00e+00  
Terminated at iteration=20 as |gradf|=6.28e-07 < threshold=1.47e-05.
Optimized objective function value: 3.93e-14; |gradf|: 6.28e-07. Computing time: 0.001 s.