Iter   f          |gradf|    alpha     
-------------------------------------
1      1.92e+05   2.38e+07   1.00e+00  
2      1.33e+05   8.78e+05   1.00e+00  
3      9.76e+04   6.92e+05   1.00e+00  
4      2.32e+04   2.30e+05   1.00e+00  
5      8.75e+03   1.09e+05   1.00e+00  
6      2.79e+03   4.52e+04   1.00e+00  
7      9.53e+02   1.97e+04   1.00e+00  
8      3.18e+02   8.40e+03   1.00e+00  
9      1.07e+02   3.61e+03   1.00e+00  
10     3.59e+01   1.54e+03   1.00e+00  
11     1.20e+01   6.59e+02   1.00e+00  
12     4.00e+00   2.81e+02   1.00e+00  
13     1.32e+00   1.20e+02   1.00e+00  
14     4.36e-01   5.11e+01   1.00e+00  
15     1.43e-01   2.18e+01   1.00e+00  
16     4.71e-02   9.35e+00   1.00e+00  
17     1.55e-02   4.01e+00   1.00e+00  
18     5.14e-03   1.72e+00   1.00e+00  
19     1.72e-03   7.41e-01   1.00e+00  
20     5.91e-04   3.19e-01   1.00e+00  
Terminated at iteration=21 as |gradf|=1.38e-01 < threshold=2.38e-01.
Optimized objective function value: 2.09e-04; |gradf|: 1.38e-01. Computing time: 0.001 s.