Iter   f          |gradf|    alpha     
-------------------------------------
1      1.92e+05   1.16e+06   1.00e+00  
2      3.79e+04   3.44e+05   1.00e+00  
3      7.49e+03   1.02e+05   1.00e+00  
4      1.48e+03   3.02e+04   1.00e+00  
5      2.92e+02   8.94e+03   1.00e+00  
6      5.78e+01   2.65e+03   1.00e+00  
7      1.14e+01   7.85e+02   1.00e+00  
8      2.26e+00   2.33e+02   1.00e+00  
9      4.46e-01   6.89e+01   1.00e+00  
10     8.85e-02   2.04e+01   1.00e+00  
11     1.76e-02   6.06e+00   1.00e+00  
12     3.53e-03   1.80e+00   1.00e+00  
13     7.21e-04   5.33e-01   1.00e+00  
14     1.53e-04   1.59e-01   1.00e+00  
15     3.43e-05   4.75e-02   1.00e+00  
16     8.30e-06   1.44e-02   1.00e+00  
Terminated at iteration=17 as |gradf|=4.46e-03 < threshold=1.16e-02.
Optimized objective function value: 2.10e-06. Computing time: 0.002 s.