Iter   f          |gradf|    alpha      delta     
-----------------------------------------------
1      2.42e+01   2.33e+02   1.00e+00   0.00e+00  
2      4.73e+00   4.64e+00   1.25e-01   0.00e+00  
3      4.09e+00   2.86e+01   1.00e+00   0.00e+00  
4      3.23e+00   1.16e+01   1.00e+00   0.00e+00  
5      3.21e+00   3.03e+01   1.00e+00   0.00e+00  
6      1.94e+00   3.60e+00   2.50e-01   0.00e+00  
7      1.60e+00   9.25e+00   1.00e+00   0.00e+00  
8      1.18e+00   4.92e+00   1.00e+00   0.00e+00  
9      9.22e-01   8.66e+00   1.00e+00   0.00e+00  
10     5.97e-01   1.78e+00   5.00e-01   0.00e+00  
11     4.53e-01   5.88e+00   1.00e+00   0.00e+00  
12     2.81e-01   2.18e+00   1.00e+00   0.00e+00  
13     2.11e-01   9.40e+00   1.00e+00   0.00e+00  
14     8.90e-02   4.92e-01   5.00e-01   0.00e+00  
15     5.15e-02   3.92e+00   1.00e+00   0.00e+00  
16     2.00e-02   1.24e+00   1.00e+00   0.00e+00  
17     7.17e-03   2.53e+00   1.00e+00   0.00e+00  
18     1.07e-03   2.38e-01   1.00e+00   0.00e+00  
19     7.78e-05   3.48e-01   1.00e+00   0.00e+00  
20     2.82e-07   3.87e-03   1.00e+00   0.00e+00  
21     8.52e-12   1.19e-04   1.00e+00   0.00e+00  
Terminated at iteration=22 as |gradf|=4.47e-10 < threshold=2.33e-06.
Optimized objective function value: 3.74e-21; |gradf|: 4.47e-10. Computing time: 0.001 s.