Iter   f          |gradf|    alpha     
-------------------------------------
1      8.96e+06   2.81e+05   1.00e+00  
2      2.98e+06   5.41e+04   1.00e+00  
3      7.54e+05   2.10e+04   1.00e+00  
4      2.41e+05   1.01e+04   1.00e+00  
5      1.29e+05   6.96e+03   1.00e+00  
6      7.08e+04   4.73e+03   1.00e+00  
7      4.85e+04   3.65e+03   1.00e+00  
8      3.37e+04   2.97e+03   1.00e+00  
9      2.58e+04   2.61e+03   1.00e+00  
10     1.99e+04   2.33e+03   1.00e+00  
11     1.61e+04   2.09e+03   1.00e+00  
12     1.31e+04   1.86e+03   1.00e+00  
13     1.10e+04   1.68e+03   1.00e+00  
14     9.31e+03   1.53e+03   1.00e+00  
15     8.04e+03   1.42e+03   1.00e+00  
16     6.96e+03   1.34e+03   1.00e+00  
17     6.13e+03   1.28e+03   1.00e+00  
18     5.41e+03   1.22e+03   1.00e+00  
19     4.83e+03   1.17e+03   1.00e+00  
20     4.32e+03   1.11e+03   1.00e+00  
21     3.90e+03   1.06e+03   1.00e+00  
22     3.52e+03   1.01e+03   1.00e+00  
23     3.20e+03   9.69e+02   1.00e+00  
24     2.91e+03   9.36e+02   1.00e+00  
25     2.67e+03   9.10e+02   1.00e+00  
26     2.44e+03   8.89e+02   1.00e+00  
27     2.24e+03   8.72e+02   1.00e+00  
28     2.06e+03   8.55e+02   1.00e+00  
29     1.89e+03   8.37e+02   1.00e+00  
30     1.75e+03   8.16e+02   1.00e+00  
31     1.61e+03   7.92e+02   1.00e+00  
32     1.49e+03   7.64e+02   1.00e+00  
33     1.38e+03   7.34e+02   1.00e+00  
34     1.28e+03   7.02e+02   1.00e+00  
35     1.19e+03   6.71e+02   1.00e+00  
36     1.10e+03   6.41e+02   1.00e+00  
37     1.03e+03   6.14e+02   1.00e+00  
38     9.57e+02   5.90e+02   1.00e+00  
39     8.93e+02   5.69e+02   1.00e+00  
40     8.33e+02   5.51e+02   1.00e+00  
41     7.79e+02   5.35e+02   1.00e+00  
42     7.29e+02   5.21e+02   1.00e+00  
43     6.83e+02   5.07e+02   1.00e+00  
44     6.41e+02   4.93e+02   1.00e+00  
45     6.02e+02   4.78e+02   1.00e+00  
46     5.66e+02   4.62e+02   1.00e+00  
47     5.34e+02   4.44e+02   1.00e+00  
48     5.03e+02   4.26e+02   1.00e+00  
49     4.75e+02   4.07e+02   1.00e+00  
50     4.49e+02   3.88e+02   1.00e+00  
51     4.26e+02   3.71e+02   1.00e+00  
52     4.03e+02   3.55e+02   1.00e+00  
53     3.83e+02   3.40e+02   1.00e+00  
54     3.64e+02   3.28e+02   1.00e+00  
55     3.46e+02   3.18e+02   1.00e+00  
56     3.30e+02   3.09e+02   1.00e+00  
57     3.15e+02   3.02e+02   1.00e+00  
58     3.01e+02   2.96e+02   1.00e+00  
59     2.88e+02   2.90e+02   1.00e+00  
60     2.75e+02   2.85e+02   1.00e+00  
61     2.64e+02   2.79e+02   1.00e+00  
62     2.53e+02   2.73e+02   1.00e+00  
63     2.43e+02   2.66e+02   1.00e+00  
64     2.34e+02   2.59e+02   1.00e+00  
65     2.25e+02   2.52e+02   1.00e+00  
66     2.17e+02   2.44e+02   1.00e+00  
67     2.09e+02   2.37e+02   1.00e+00  
68     2.02e+02   2.31e+02   1.00e+00  
69     1.95e+02   2.25e+02   1.00e+00  
70     1.88e+02   2.21e+02   1.00e+00  
71     1.82e+02   2.17e+02   1.00e+00  
72     1.76e+02   2.14e+02   1.00e+00  
73     1.70e+02   2.12e+02   1.00e+00  
74     1.65e+02   2.11e+02   1.00e+00  
75     1.60e+02   2.10e+02   1.00e+00  
76     1.55e+02   2.10e+02   1.00e+00  
77     1.51e+02   2.09e+02   1.00e+00  
78     1.46e+02   2.09e+02   1.00e+00  
79     1.42e+02   2.08e+02   1.00e+00  
80     1.38e+02   2.07e+02   1.00e+00  
81     1.34e+02   2.06e+02   1.00e+00  
82     1.30e+02   2.04e+02   1.00e+00  
83     1.27e+02   2.02e+02   1.00e+00  
84     1.23e+02   2.00e+02   1.00e+00  
85     1.20e+02   1.97e+02   1.00e+00  
86     1.17e+02   1.95e+02   1.00e+00  
87     1.14e+02   1.92e+02   1.00e+00  
88     1.11e+02   1.89e+02   1.00e+00  
89     1.08e+02   1.87e+02   1.00e+00  
90     1.05e+02   1.85e+02   1.00e+00  
91     1.03e+02   1.83e+02   1.00e+00  
92     1.00e+02   1.81e+02   1.00e+00  
93     9.75e+01   1.80e+02   1.00e+00  
94     9.51e+01   1.79e+02   1.00e+00  
95     9.28e+01   1.78e+02   1.00e+00  
96     9.05e+01   1.77e+02   1.00e+00  
97     8.83e+01   1.77e+02   1.00e+00  
98     8.62e+01   1.77e+02   1.00e+00  
99     8.41e+01   1.76e+02   1.00e+00  
100    8.21e+01   1.76e+02   1.00e+00  
101    8.02e+01   1.75e+02   1.00e+00  
102    7.83e+01   1.75e+02   1.00e+00  
103    7.65e+01   1.74e+02   1.00e+00  
104    7.47e+01   1.72e+02   1.00e+00  
105    7.30e+01   1.71e+02   1.00e+00  
106    7.13e+01   1.69e+02   1.00e+00  
107    6.97e+01   1.67e+02   1.00e+00  
108    6.81e+01   1.65e+02   1.00e+00  
109    6.66e+01   1.63e+02   1.00e+00  
110    6.51e+01   1.60e+02   1.00e+00  
111    6.36e+01   1.58e+02   1.00e+00  
112    6.22e+01   1.55e+02   1.00e+00  
113    6.09e+01   1.53e+02   1.00e+00  
114    5.95e+01   1.50e+02   1.00e+00  
115    5.82e+01   1.48e+02   1.00e+00  
116    5.69e+01   1.46e+02   1.00e+00  
117    5.57e+01   1.44e+02   1.00e+00  
118    5.45e+01   1.42e+02   1.00e+00  
119    5.33e+01   1.40e+02   1.00e+00  
120    5.22e+01   1.39e+02   1.00e+00  
121    5.11e+01   1.38e+02   1.00e+00  
122    5.00e+01   1.37e+02   1.00e+00  
123    4.89e+01   1.36e+02   1.00e+00  
124    4.79e+01   1.35e+02   1.00e+00  
125    4.69e+01   1.35e+02   1.00e+00  
126    4.59e+01   1.34e+02   1.00e+00  
127    4.50e+01   1.33e+02   1.00e+00  
128    4.41e+01   1.33e+02   1.00e+00  
129    4.32e+01   1.32e+02   1.00e+00  
130    4.23e+01   1.31e+02   1.00e+00  
131    4.14e+01   1.30e+02   1.00e+00  
132    4.06e+01   1.29e+02   1.00e+00  
133    3.97e+01   1.28e+02   1.00e+00  
134    3.89e+01   1.26e+02   1.00e+00  
135    3.82e+01   1.25e+02   1.00e+00  
136    3.74e+01   1.23e+02   1.00e+00  
137    3.67e+01   1.22e+02   1.00e+00  
138    3.59e+01   1.20e+02   1.00e+00  
139    3.52e+01   1.18e+02   1.00e+00  
140    3.45e+01   1.16e+02   1.00e+00  
141    3.39e+01   1.15e+02   1.00e+00  
142    3.32e+01   1.13e+02   1.00e+00  
143    3.25e+01   1.11e+02   1.00e+00  
144    3.19e+01   1.10e+02   1.00e+00  
145    3.13e+01   1.09e+02   1.00e+00  
146    3.07e+01   1.07e+02   1.00e+00  
147    3.01e+01   1.06e+02   1.00e+00  
148    2.95e+01   1.06e+02   1.00e+00  
149    2.90e+01   1.05e+02   1.00e+00  
150    2.84e+01   1.04e+02   1.00e+00  
151    2.79e+01   1.04e+02   1.00e+00  
152    2.73e+01   1.03e+02   1.00e+00  
153    2.68e+01   1.03e+02   1.00e+00  
154    2.63e+01   1.03e+02   1.00e+00  
155    2.58e+01   1.03e+02   1.00e+00  
156    2.53e+01   1.03e+02   1.00e+00  
157    2.49e+01   1.02e+02   1.00e+00  
158    2.44e+01   1.02e+02   1.00e+00  
159    2.39e+01   1.02e+02   1.00e+00  
160    2.35e+01   1.01e+02   1.00e+00  
161    2.31e+01   1.01e+02   1.00e+00  
162    2.26e+01   1.00e+02   1.00e+00  
163    2.22e+01   9.97e+01   1.00e+00  
164    2.18e+01   9.90e+01   1.00e+00  
165    2.14e+01   9.82e+01   1.00e+00  
166    2.10e+01   9.73e+01   1.00e+00  
167    2.06e+01   9.63e+01   1.00e+00  
168    2.02e+01   9.53e+01   1.00e+00  
169    1.99e+01   9.43e+01   1.00e+00  
170    1.95e+01   9.33e+01   1.00e+00  
171    1.91e+01   9.23e+01   1.00e+00  
172    1.88e+01   9.13e+01   1.00e+00  
173    1.84e+01   9.04e+01   1.00e+00  
174    1.81e+01   8.95e+01   1.00e+00  
175    1.78e+01   8.87e+01   1.00e+00  
176    1.74e+01   8.79e+01   1.00e+00  
177    1.71e+01   8.73e+01   1.00e+00  
178    1.68e+01   8.67e+01   1.00e+00  
179    1.65e+01   8.63e+01   1.00e+00  
180    1.62e+01   8.59e+01   1.00e+00  
181    1.59e+01   8.56e+01   1.00e+00  
182    1.56e+01   8.54e+01   1.00e+00  
183    1.53e+01   8.52e+01   1.00e+00  
184    1.50e+01   8.51e+01   1.00e+00  
185    1.48e+01   8.51e+01   1.00e+00  
186    1.45e+01   8.50e+01   1.00e+00  
187    1.42e+01   8.50e+01   1.00e+00  
188    1.40e+01   8.49e+01   1.00e+00  
189    1.37e+01   8.48e+01   1.00e+00  
190    1.34e+01   8.47e+01   1.00e+00  
191    1.32e+01   8.45e+01   1.00e+00  
192    1.29e+01   8.43e+01   1.00e+00  
193    1.27e+01   8.40e+01   1.00e+00  
194    1.25e+01   8.37e+01   1.00e+00  
195    1.22e+01   8.32e+01   1.00e+00  
196    1.20e+01   8.27e+01   1.00e+00  
197    1.18e+01   8.22e+01   1.00e+00  
198    1.15e+01   8.15e+01   1.00e+00  
199    1.13e+01   8.09e+01   1.00e+00  
200    1.11e+01   8.01e+01   1.00e+00  
201    1.09e+01   7.94e+01   1.00e+00  
202    1.07e+01   7.86e+01   1.00e+00  
203    1.05e+01   7.77e+01   1.00e+00  
204    1.03e+01   7.69e+01   1.00e+00  
205    1.01e+01   7.61e+01   1.00e+00  
206    9.89e+00   7.53e+01   1.00e+00  
207    9.70e+00   7.45e+01   1.00e+00  
208    9.51e+00   7.38e+01   1.00e+00  
209    9.32e+00   7.31e+01   1.00e+00  
210    9.14e+00   7.24e+01   1.00e+00  
211    8.95e+00   7.18e+01   1.00e+00  
212    8.78e+00   7.13e+01   1.00e+00  
213    8.60e+00   7.08e+01   1.00e+00  
214    8.43e+00   7.04e+01   1.00e+00  
215    8.26e+00   7.00e+01   1.00e+00  
216    8.09e+00   6.98e+01   1.00e+00  
217    7.92e+00   6.95e+01   1.00e+00  
218    7.76e+00   6.93e+01   1.00e+00  
219    7.60e+00   6.91e+01   1.00e+00  
220    7.44e+00   6.90e+01   1.00e+00  
221    7.29e+00   6.89e+01   1.00e+00  
222    7.13e+00   6.87e+01   1.00e+00  
223    6.98e+00   6.86e+01   1.00e+00  
224    6.83e+00   6.85e+01   1.00e+00  
225    6.69e+00   6.83e+01   1.00e+00  
226    6.54e+00   6.81e+01   1.00e+00  
227    6.40e+00   6.79e+01   1.00e+00  
228    6.26e+00   6.76e+01   1.00e+00  
229    6.12e+00   6.73e+01   1.00e+00  
230    5.99e+00   6.69e+01   1.00e+00  
231    5.85e+00   6.65e+01   1.00e+00  
232    5.72e+00   6.60e+01   1.00e+00  
233    5.59e+00   6.55e+01   1.00e+00  
234    5.46e+00   6.50e+01   1.00e+00  
235    5.34e+00   6.44e+01   1.00e+00  
236    5.21e+00   6.38e+01   1.00e+00  
237    5.09e+00   6.31e+01   1.00e+00  
238    4.97e+00   6.24e+01   1.00e+00  
239    4.85e+00   6.18e+01   1.00e+00  
240    4.74e+00   6.11e+01   1.00e+00  
241    4.62e+00   6.04e+01   1.00e+00  
242    4.51e+00   5.97e+01   1.00e+00  
243    4.39e+00   5.91e+01   1.00e+00  
244    4.28e+00   5.85e+01   1.00e+00  
245    4.17e+00   5.79e+01   1.00e+00  
246    4.07e+00   5.73e+01   1.00e+00  
247    3.96e+00   5.68e+01   1.00e+00  
248    3.86e+00   5.64e+01   1.00e+00  
249    3.75e+00   5.59e+01   1.00e+00  
250    3.65e+00   5.56e+01   1.00e+00  
251    3.55e+00   5.53e+01   1.00e+00  
252    3.45e+00   5.50e+01   1.00e+00  
253    3.36e+00   5.48e+01   1.00e+00  
254    3.26e+00   5.46e+01   1.00e+00  
255    3.17e+00   5.44e+01   1.00e+00  
256    3.07e+00   5.43e+01   1.00e+00  
257    2.98e+00   5.41e+01   1.00e+00  
258    2.89e+00   5.40e+01   1.00e+00  
259    2.80e+00   5.39e+01   1.00e+00  
260    2.71e+00   5.38e+01   1.00e+00  
261    2.63e+00   5.37e+01   1.00e+00  
262    2.54e+00   5.35e+01   1.00e+00  
263    2.46e+00   5.34e+01   1.00e+00  
264    2.37e+00   5.32e+01   1.00e+00  
265    2.29e+00   5.30e+01   1.00e+00  
266    2.21e+00   5.27e+01   1.00e+00  
267    2.13e+00   5.24e+01   1.00e+00  
268    2.05e+00   5.21e+01   1.00e+00  
269    1.98e+00   5.18e+01   1.00e+00  
270    1.90e+00   5.14e+01   1.00e+00  
271    1.83e+00   5.10e+01   1.00e+00  
272    1.75e+00   5.05e+01   1.00e+00  
273    1.68e+00   5.01e+01   1.00e+00  
274    1.61e+00   4.96e+01   1.00e+00  
275    1.53e+00   4.91e+01   1.00e+00  
276    1.46e+00   4.86e+01   1.00e+00  
277    1.40e+00   4.81e+01   1.00e+00  
278    1.33e+00   4.76e+01   1.00e+00  
279    1.26e+00   4.70e+01   1.00e+00  
280    1.19e+00   4.66e+01   1.00e+00  
281    1.13e+00   4.61e+01   1.00e+00  
282    1.06e+00   4.56e+01   1.00e+00  
283    1.00e+00   4.52e+01   1.00e+00  
284    9.37e-01   4.48e+01   1.00e+00  
285    8.75e-01   4.45e+01   1.00e+00  
286    8.14e-01   4.42e+01   1.00e+00  
287    7.54e-01   4.39e+01   1.00e+00  
288    6.94e-01   4.36e+01   1.00e+00  
289    6.36e-01   4.34e+01   1.00e+00  
290    5.78e-01   4.32e+01   1.00e+00  
291    5.21e-01   4.31e+01   1.00e+00  
292    4.64e-01   4.30e+01   1.00e+00  
293    4.09e-01   4.29e+01   1.00e+00  
294    3.54e-01   4.28e+01   1.00e+00  
295    3.00e-01   4.27e+01   1.00e+00  
296    2.47e-01   4.26e+01   1.00e+00  
297    1.94e-01   4.26e+01   1.00e+00  
298    1.43e-01   4.25e+01   1.00e+00  
299    9.14e-02   4.24e+01   1.00e+00  
300    4.09e-02   4.23e+01   1.00e+00  
301    -8.93e-03  4.22e+01   1.00e+00  
302    -5.81e-02  4.21e+01   1.00e+00  
303    -1.07e-01  4.19e+01   1.00e+00  
304    -1.54e-01  4.17e+01   1.00e+00  
305    -2.02e-01  4.15e+01   1.00e+00  
306    -2.48e-01  4.13e+01   1.00e+00  
307    -2.94e-01  4.10e+01   1.00e+00  
308    -3.39e-01  4.07e+01   1.00e+00  
309    -3.84e-01  4.04e+01   1.00e+00  
310    -4.28e-01  4.01e+01   1.00e+00  
311    -4.72e-01  3.98e+01   1.00e+00  
312    -5.15e-01  3.94e+01   1.00e+00  
313    -5.57e-01  3.90e+01   1.00e+00  
314    -5.99e-01  3.86e+01   1.00e+00  
315    -6.41e-01  3.83e+01   1.00e+00  
316    -6.81e-01  3.79e+01   1.00e+00  
317    -7.22e-01  3.75e+01   1.00e+00  
318    -7.61e-01  3.71e+01   1.00e+00  
319    -8.01e-01  3.68e+01   1.00e+00  
320    -8.39e-01  3.64e+01   1.00e+00  
321    -8.78e-01  3.61e+01   1.00e+00  
322    -9.15e-01  3.58e+01   1.00e+00  
323    -9.53e-01  3.55e+01   1.00e+00  
324    -9.89e-01  3.53e+01   1.00e+00  
325    -1.03e+00  3.51e+01   1.00e+00  
326    -1.06e+00  3.49e+01   1.00e+00  
327    -1.10e+00  3.47e+01   1.00e+00  
328    -1.13e+00  3.46e+01   1.00e+00  
329    -1.17e+00  3.44e+01   1.00e+00  
330    -1.20e+00  3.44e+01   1.00e+00  
331    -1.23e+00  3.43e+01   1.00e+00  
332    -1.27e+00  3.42e+01   1.00e+00  
333    -1.30e+00  3.41e+01   1.00e+00  
334    -1.33e+00  3.41e+01   1.00e+00  
335    -1.36e+00  3.41e+01   1.00e+00  
336    -1.40e+00  3.40e+01   1.00e+00  
337    -1.43e+00  3.40e+01   1.00e+00  
338    -1.46e+00  3.39e+01   1.00e+00  
339    -1.49e+00  3.38e+01   1.00e+00  
340    -1.52e+00  3.38e+01   1.00e+00  
341    -1.55e+00  3.37e+01   1.00e+00  
342    -1.58e+00  3.35e+01   1.00e+00  
343    -1.61e+00  3.34e+01   1.00e+00  
344    -1.63e+00  3.33e+01   1.00e+00  
345    -1.66e+00  3.31e+01   1.00e+00  
346    -1.69e+00  3.29e+01   1.00e+00  
347    -1.72e+00  3.27e+01   1.00e+00  
348    -1.74e+00  3.24e+01   1.00e+00  
349    -1.77e+00  3.22e+01   1.00e+00  
350    -1.80e+00  3.19e+01   1.00e+00  
351    -1.82e+00  3.17e+01   1.00e+00  
352    -1.85e+00  3.14e+01   1.00e+00  
353    -1.87e+00  3.11e+01   1.00e+00  
354    -1.90e+00  3.08e+01   1.00e+00  
355    -1.92e+00  3.05e+01   1.00e+00  
356    -1.95e+00  3.02e+01   1.00e+00  
357    -1.97e+00  2.99e+01   1.00e+00  
358    -2.00e+00  2.96e+01   1.00e+00  
359    -2.02e+00  2.94e+01   1.00e+00  
360    -2.04e+00  2.91e+01   1.00e+00  
361    -2.07e+00  2.89e+01   1.00e+00  
362    -2.09e+00  2.87e+01   1.00e+00  
363    -2.11e+00  2.85e+01   1.00e+00  
364    -2.13e+00  2.83e+01   1.00e+00  
365    -2.16e+00  2.81e+01   1.00e+00  
366    -2.18e+00  2.80e+01   1.00e+00  
367    -2.20e+00  2.78e+01   1.00e+00  
368    -2.22e+00  2.77e+01   1.00e+00  
369    -2.24e+00  2.76e+01   1.00e+00  
370    -2.26e+00  2.76e+01   1.00e+00  
371    -2.28e+00  2.75e+01   1.00e+00  
372    -2.30e+00  2.74e+01   1.00e+00  
373    -2.32e+00  2.74e+01   1.00e+00  
374    -2.34e+00  2.74e+01   1.00e+00  
375    -2.36e+00  2.73e+01   1.00e+00  
376    -2.38e+00  2.73e+01   1.00e+00  
377    -2.40e+00  2.72e+01   1.00e+00  
378    -2.42e+00  2.72e+01   1.00e+00  
379    -2.44e+00  2.71e+01   1.00e+00  
380    -2.46e+00  2.70e+01   1.00e+00  
381    -2.47e+00  2.70e+01   1.00e+00  
382    -2.49e+00  2.69e+01   1.00e+00  
383    -2.51e+00  2.67e+01   1.00e+00  
384    -2.53e+00  2.66e+01   1.00e+00  
385    -2.54e+00  2.65e+01   1.00e+00  
386    -2.56e+00  2.63e+01   1.00e+00  
387    -2.58e+00  2.61e+01   1.00e+00  
388    -2.59e+00  2.60e+01   1.00e+00  
389    -2.61e+00  2.57e+01   1.00e+00  
390    -2.63e+00  2.55e+01   1.00e+00  
391    -2.64e+00  2.53e+01   1.00e+00  
392    -2.66e+00  2.51e+01   1.00e+00  
393    -2.67e+00  2.48e+01   1.00e+00  
394    -2.69e+00  2.46e+01   1.00e+00  
395    -2.71e+00  2.43e+01   1.00e+00  
396    -2.72e+00  2.41e+01   1.00e+00  
397    -2.74e+00  2.38e+01   1.00e+00  
398    -2.75e+00  2.36e+01   1.00e+00  
399    -2.76e+00  2.34e+01   1.00e+00  
400    -2.78e+00  2.32e+01   1.00e+00  
401    -2.79e+00  2.29e+01   1.00e+00  
402    -2.81e+00  2.27e+01   1.00e+00  
403    -2.82e+00  2.26e+01   1.00e+00  
404    -2.83e+00  2.24e+01   1.00e+00  
405    -2.85e+00  2.22e+01   1.00e+00  
406    -2.86e+00  2.21e+01   1.00e+00  
407    -2.87e+00  2.20e+01   1.00e+00  
408    -2.89e+00  2.19e+01   1.00e+00  
409    -2.90e+00  2.18e+01   1.00e+00  
410    -2.91e+00  2.17e+01   1.00e+00  
411    -2.93e+00  2.16e+01   1.00e+00  
412    -2.94e+00  2.15e+01   1.00e+00  
413    -2.95e+00  2.15e+01   1.00e+00  
414    -2.96e+00  2.14e+01   1.00e+00  
415    -2.97e+00  2.14e+01   1.00e+00  
416    -2.99e+00  2.13e+01   1.00e+00  
417    -3.00e+00  2.13e+01   1.00e+00  
418    -3.01e+00  2.12e+01   1.00e+00  
419    -3.02e+00  2.11e+01   1.00e+00  
420    -3.03e+00  2.11e+01   1.00e+00  
421    -3.04e+00  2.10e+01   1.00e+00  
422    -3.05e+00  2.09e+01   1.00e+00  
423    -3.07e+00  2.08e+01   1.00e+00  
424    -3.08e+00  2.07e+01   1.00e+00  
425    -3.09e+00  2.06e+01   1.00e+00  
426    -3.10e+00  2.04e+01   1.00e+00  
427    -3.11e+00  2.03e+01   1.00e+00  
428    -3.12e+00  2.01e+01   1.00e+00  
429    -3.13e+00  1.99e+01   1.00e+00  
430    -3.14e+00  1.97e+01   1.00e+00  
431    -3.15e+00  1.96e+01   1.00e+00  
432    -3.16e+00  1.94e+01   1.00e+00  
433    -3.17e+00  1.92e+01   1.00e+00  
434    -3.18e+00  1.89e+01   1.00e+00  
435    -3.19e+00  1.87e+01   1.00e+00  
436    -3.20e+00  1.85e+01   1.00e+00  
437    -3.20e+00  1.83e+01   1.00e+00  
438    -3.21e+00  1.81e+01   1.00e+00  
439    -3.22e+00  1.79e+01   1.00e+00  
440    -3.23e+00  1.77e+01   1.00e+00  
441    -3.24e+00  1.75e+01   1.00e+00  
442    -3.25e+00  1.73e+01   1.00e+00  
443    -3.26e+00  1.72e+01   1.00e+00  
444    -3.27e+00  1.70e+01   1.00e+00  
445    -3.27e+00  1.69e+01   1.00e+00  
446    -3.28e+00  1.68e+01   1.00e+00  
447    -3.29e+00  1.67e+01   1.00e+00  
448    -3.30e+00  1.66e+01   1.00e+00  
449    -3.31e+00  1.65e+01   1.00e+00  
450    -3.31e+00  1.64e+01   1.00e+00  
451    -3.32e+00  1.63e+01   1.00e+00  
452    -3.33e+00  1.62e+01   1.00e+00  
453    -3.34e+00  1.62e+01   1.00e+00  
454    -3.34e+00  1.61e+01   1.00e+00  
455    -3.35e+00  1.61e+01   1.00e+00  
456    -3.36e+00  1.60e+01   1.00e+00  
457    -3.36e+00  1.59e+01   1.00e+00  
458    -3.37e+00  1.59e+01   1.00e+00  
459    -3.38e+00  1.58e+01   1.00e+00  
460    -3.39e+00  1.57e+01   1.00e+00  
461    -3.39e+00  1.57e+01   1.00e+00  
462    -3.40e+00  1.56e+01   1.00e+00  
463    -3.41e+00  1.55e+01   1.00e+00  
464    -3.41e+00  1.54e+01   1.00e+00  
465    -3.42e+00  1.52e+01   1.00e+00  
466    -3.42e+00  1.51e+01   1.00e+00  
467    -3.43e+00  1.50e+01   1.00e+00  
468    -3.44e+00  1.48e+01   1.00e+00  
469    -3.44e+00  1.47e+01   1.00e+00  
470    -3.45e+00  1.45e+01   1.00e+00  
471    -3.45e+00  1.43e+01   1.00e+00  
472    -3.46e+00  1.42e+01   1.00e+00  
473    -3.47e+00  1.40e+01   1.00e+00  
474    -3.47e+00  1.38e+01   1.00e+00  
475    -3.48e+00  1.36e+01   1.00e+00  
476    -3.48e+00  1.35e+01   1.00e+00  
477    -3.49e+00  1.33e+01   1.00e+00  
478    -3.49e+00  1.31e+01   1.00e+00  
479    -3.50e+00  1.30e+01   1.00e+00  
480    -3.50e+00  1.28e+01   1.00e+00  
481    -3.51e+00  1.27e+01   1.00e+00  
482    -3.51e+00  1.25e+01   1.00e+00  
483    -3.52e+00  1.24e+01   1.00e+00  
484    -3.52e+00  1.23e+01   1.00e+00  
485    -3.53e+00  1.22e+01   1.00e+00  
486    -3.53e+00  1.21e+01   1.00e+00  
487    -3.54e+00  1.20e+01   1.00e+00  
488    -3.54e+00  1.19e+01   1.00e+00  
489    -3.55e+00  1.19e+01   1.00e+00  
490    -3.55e+00  1.18e+01   1.00e+00  
491    -3.56e+00  1.17e+01   1.00e+00  
492    -3.56e+00  1.17e+01   1.00e+00  
493    -3.56e+00  1.16e+01   1.00e+00  
494    -3.57e+00  1.16e+01   1.00e+00  
495    -3.57e+00  1.15e+01   1.00e+00  
496    -3.58e+00  1.15e+01   1.00e+00  
497    -3.58e+00  1.14e+01   1.00e+00  
498    -3.59e+00  1.13e+01   1.00e+00  
499    -3.59e+00  1.13e+01   1.00e+00  
500    -3.59e+00  1.12e+01   1.00e+00  
501    -3.60e+00  1.11e+01   1.00e+00  
502    -3.60e+00  1.10e+01   1.00e+00  
503    -3.60e+00  1.09e+01   1.00e+00  
504    -3.61e+00  1.08e+01   1.00e+00  
505    -3.61e+00  1.06e+01   1.00e+00  
506    -3.62e+00  1.05e+01   1.00e+00  
507    -3.62e+00  1.04e+01   1.00e+00  
508    -3.62e+00  1.02e+01   1.00e+00  
509    -3.63e+00  1.01e+01   1.00e+00  
510    -3.63e+00  9.95e+00   1.00e+00  
511    -3.63e+00  9.81e+00   1.00e+00  
512    -3.64e+00  9.67e+00   1.00e+00  
513    -3.64e+00  9.52e+00   1.00e+00  
514    -3.64e+00  9.39e+00   1.00e+00  
515    -3.64e+00  9.25e+00   1.00e+00  
516    -3.65e+00  9.13e+00   1.00e+00  
517    -3.65e+00  9.01e+00   1.00e+00  
518    -3.65e+00  8.89e+00   1.00e+00  
519    -3.66e+00  8.79e+00   1.00e+00  
520    -3.66e+00  8.69e+00   1.00e+00  
521    -3.66e+00  8.61e+00   1.00e+00  
522    -3.66e+00  8.53e+00   1.00e+00  
523    -3.67e+00  8.46e+00   1.00e+00  
524    -3.67e+00  8.39e+00   1.00e+00  
525    -3.67e+00  8.33e+00   1.00e+00  
526    -3.68e+00  8.28e+00   1.00e+00  
527    -3.68e+00  8.23e+00   1.00e+00  
528    -3.68e+00  8.18e+00   1.00e+00  
529    -3.68e+00  8.14e+00   1.00e+00  
530    -3.68e+00  8.09e+00   1.00e+00  
531    -3.69e+00  8.04e+00   1.00e+00  
532    -3.69e+00  7.98e+00   1.00e+00  
533    -3.69e+00  7.93e+00   1.00e+00  
534    -3.69e+00  7.86e+00   1.00e+00  
535    -3.70e+00  7.80e+00   1.00e+00  
536    -3.70e+00  7.72e+00   1.00e+00  
537    -3.70e+00  7.64e+00   1.00e+00  
538    -3.70e+00  7.56e+00   1.00e+00  
539    -3.70e+00  7.46e+00   1.00e+00  
540    -3.71e+00  7.37e+00   1.00e+00  
541    -3.71e+00  7.26e+00   1.00e+00  
542    -3.71e+00  7.16e+00   1.00e+00  
543    -3.71e+00  7.05e+00   1.00e+00  
544    -3.71e+00  6.93e+00   1.00e+00  
545    -3.72e+00  6.82e+00   1.00e+00  
546    -3.72e+00  6.71e+00   1.00e+00  
547    -3.72e+00  6.60e+00   1.00e+00  
548    -3.72e+00  6.49e+00   1.00e+00  
549    -3.72e+00  6.39e+00   1.00e+00  
550    -3.72e+00  6.29e+00   1.00e+00  
551    -3.73e+00  6.20e+00   1.00e+00  
552    -3.73e+00  6.12e+00   1.00e+00  
553    -3.73e+00  6.04e+00   1.00e+00  
554    -3.73e+00  5.97e+00   1.00e+00  
555    -3.73e+00  5.90e+00   1.00e+00  
556    -3.73e+00  5.85e+00   1.00e+00  
557    -3.74e+00  5.80e+00   1.00e+00  
558    -3.74e+00  5.75e+00   1.00e+00  
559    -3.74e+00  5.71e+00   1.00e+00  
560    -3.74e+00  5.67e+00   1.00e+00  
561    -3.74e+00  5.63e+00   1.00e+00  
562    -3.74e+00  5.59e+00   1.00e+00  
563    -3.74e+00  5.55e+00   1.00e+00  
564    -3.75e+00  5.51e+00   1.00e+00  
565    -3.75e+00  5.47e+00   1.00e+00  
566    -3.75e+00  5.43e+00   1.00e+00  
567    -3.75e+00  5.38e+00   1.00e+00  
568    -3.75e+00  5.32e+00   1.00e+00  
569    -3.75e+00  5.26e+00   1.00e+00  
570    -3.75e+00  5.20e+00   1.00e+00  
571    -3.75e+00  5.13e+00   1.00e+00  
572    -3.75e+00  5.06e+00   1.00e+00  
573    -3.76e+00  4.98e+00   1.00e+00  
574    -3.76e+00  4.90e+00   1.00e+00  
575    -3.76e+00  4.82e+00   1.00e+00  
576    -3.76e+00  4.74e+00   1.00e+00  
577    -3.76e+00  4.66e+00   1.00e+00  
578    -3.76e+00  4.58e+00   1.00e+00  
579    -3.76e+00  4.50e+00   1.00e+00  
580    -3.76e+00  4.42e+00   1.00e+00  
581    -3.76e+00  4.35e+00   1.00e+00  
582    -3.76e+00  4.28e+00   1.00e+00  
583    -3.77e+00  4.22e+00   1.00e+00  
584    -3.77e+00  4.16e+00   1.00e+00  
585    -3.77e+00  4.11e+00   1.00e+00  
586    -3.77e+00  4.06e+00   1.00e+00  
587    -3.77e+00  4.02e+00   1.00e+00  
588    -3.77e+00  3.98e+00   1.00e+00  
589    -3.77e+00  3.95e+00   1.00e+00  
590    -3.77e+00  3.92e+00   1.00e+00  
591    -3.77e+00  3.89e+00   1.00e+00  
592    -3.77e+00  3.87e+00   1.00e+00  
593    -3.77e+00  3.84e+00   1.00e+00  
594    -3.77e+00  3.82e+00   1.00e+00  
595    -3.77e+00  3.79e+00   1.00e+00  
596    -3.77e+00  3.76e+00   1.00e+00  
597    -3.78e+00  3.73e+00   1.00e+00  
598    -3.78e+00  3.70e+00   1.00e+00  
599    -3.78e+00  3.66e+00   1.00e+00  
600    -3.78e+00  3.62e+00   1.00e+00  
601    -3.78e+00  3.57e+00   1.00e+00  
602    -3.78e+00  3.53e+00   1.00e+00  
603    -3.78e+00  3.48e+00   1.00e+00  
604    -3.78e+00  3.43e+00   1.00e+00  
605    -3.78e+00  3.37e+00   1.00e+00  
606    -3.78e+00  3.32e+00   1.00e+00  
607    -3.78e+00  3.26e+00   1.00e+00  
608    -3.78e+00  3.21e+00   1.00e+00  
609    -3.78e+00  3.16e+00   1.00e+00  
610    -3.78e+00  3.11e+00   1.00e+00  
611    -3.78e+00  3.06e+00   1.00e+00  
612    -3.78e+00  3.01e+00   1.00e+00  
613    -3.78e+00  2.97e+00   1.00e+00  
614    -3.78e+00  2.94e+00   1.00e+00  
615    -3.78e+00  2.91e+00   1.00e+00  
616    -3.79e+00  2.88e+00   1.00e+00  
617    -3.79e+00  2.86e+00   1.00e+00  
618    -3.79e+00  2.84e+00   1.00e+00  
619    -3.79e+00  2.82e+00   1.00e+00  
620    -3.79e+00  2.81e+00   1.00e+00  
621    -3.79e+00  2.79e+00   1.00e+00  
622    -3.79e+00  2.78e+00   1.00e+00  
623    -3.79e+00  2.77e+00   1.00e+00  
624    -3.79e+00  2.76e+00   1.00e+00  
625    -3.79e+00  2.75e+00   1.00e+00  
626    -3.79e+00  2.74e+00   1.00e+00  
627    -3.79e+00  2.72e+00   1.00e+00  
628    -3.79e+00  2.70e+00   1.00e+00  
629    -3.79e+00  2.69e+00   1.00e+00  
630    -3.79e+00  2.66e+00   1.00e+00  
631    -3.79e+00  2.64e+00   1.00e+00  
632    -3.79e+00  2.61e+00   1.00e+00  
633    -3.79e+00  2.59e+00   1.00e+00  
634    -3.79e+00  2.56e+00   1.00e+00  
635    -3.79e+00  2.53e+00   1.00e+00  
636    -3.79e+00  2.50e+00   1.00e+00  
637    -3.79e+00  2.47e+00   1.00e+00  
638    -3.79e+00  2.43e+00   1.00e+00  
639    -3.79e+00  2.41e+00   1.00e+00  
640    -3.79e+00  2.38e+00   1.00e+00  
641    -3.79e+00  2.35e+00   1.00e+00  
642    -3.79e+00  2.33e+00   1.00e+00  
643    -3.79e+00  2.31e+00   1.00e+00  
644    -3.79e+00  2.29e+00   1.00e+00  
645    -3.79e+00  2.27e+00   1.00e+00  
646    -3.79e+00  2.26e+00   1.00e+00  
647    -3.79e+00  2.25e+00   1.00e+00  
648    -3.79e+00  2.24e+00   1.00e+00  
649    -3.79e+00  2.24e+00   1.00e+00  
650    -3.80e+00  2.23e+00   1.00e+00  
651    -3.80e+00  2.23e+00   1.00e+00  
652    -3.80e+00  2.23e+00   1.00e+00  
653    -3.80e+00  2.23e+00   1.00e+00  
654    -3.80e+00  2.23e+00   1.00e+00  
655    -3.80e+00  2.23e+00   1.00e+00  
656    -3.80e+00  2.24e+00   1.00e+00  
657    -3.80e+00  2.23e+00   1.00e+00  
658    -3.80e+00  2.23e+00   1.00e+00  
659    -3.80e+00  2.23e+00   1.00e+00  
660    -3.80e+00  2.23e+00   1.00e+00  
661    -3.80e+00  2.22e+00   1.00e+00  
662    -3.80e+00  2.21e+00   1.00e+00  
663    -3.80e+00  2.20e+00   1.00e+00  
664    -3.80e+00  2.19e+00   1.00e+00  
665    -3.80e+00  2.18e+00   1.00e+00  
666    -3.80e+00  2.17e+00   1.00e+00  
667    -3.80e+00  2.15e+00   1.00e+00  
668    -3.80e+00  2.14e+00   1.00e+00  
669    -3.80e+00  2.12e+00   1.00e+00  
670    -3.80e+00  2.11e+00   1.00e+00  
671    -3.80e+00  2.09e+00   1.00e+00  
672    -3.80e+00  2.07e+00   1.00e+00  
673    -3.80e+00  2.06e+00   1.00e+00  
674    -3.80e+00  2.05e+00   1.00e+00  
675    -3.80e+00  2.03e+00   1.00e+00  
676    -3.80e+00  2.02e+00   1.00e+00  
677    -3.80e+00  2.01e+00   1.00e+00  
678    -3.80e+00  2.00e+00   1.00e+00  
679    -3.80e+00  1.99e+00   1.00e+00  
680    -3.80e+00  1.99e+00   1.00e+00  
681    -3.80e+00  1.99e+00   1.00e+00  
682    -3.80e+00  1.98e+00   1.00e+00  
683    -3.80e+00  1.98e+00   1.00e+00  
684    -3.80e+00  1.98e+00   1.00e+00  
685    -3.80e+00  1.98e+00   1.00e+00  
686    -3.80e+00  1.99e+00   1.00e+00  
687    -3.80e+00  1.99e+00   1.00e+00  
688    -3.80e+00  1.99e+00   1.00e+00  
689    -3.80e+00  1.99e+00   1.00e+00  
690    -3.80e+00  2.00e+00   1.00e+00  
691    -3.80e+00  2.00e+00   1.00e+00  
692    -3.80e+00  2.00e+00   1.00e+00  
693    -3.80e+00  2.00e+00   1.00e+00  
694    -3.80e+00  2.01e+00   1.00e+00  
695    -3.80e+00  2.00e+00   1.00e+00  
696    -3.80e+00  2.00e+00   1.00e+00  
697    -3.80e+00  2.00e+00   1.00e+00  
698    -3.80e+00  2.00e+00   1.00e+00  
699    -3.80e+00  1.99e+00   1.00e+00  
700    -3.80e+00  1.98e+00   1.00e+00  
701    -3.80e+00  1.98e+00   1.00e+00  
702    -3.80e+00  1.97e+00   1.00e+00  
703    -3.80e+00  1.96e+00   1.00e+00  
704    -3.80e+00  1.95e+00   1.00e+00  
705    -3.80e+00  1.93e+00   1.00e+00  
706    -3.80e+00  1.92e+00   1.00e+00  
707    -3.80e+00  1.91e+00   1.00e+00  
708    -3.80e+00  1.89e+00   1.00e+00  
709    -3.80e+00  1.88e+00   1.00e+00  
710    -3.80e+00  1.86e+00   1.00e+00  
711    -3.80e+00  1.85e+00   1.00e+00  
712    -3.80e+00  1.84e+00   1.00e+00  
713    -3.80e+00  1.82e+00   1.00e+00  
714    -3.80e+00  1.81e+00   1.00e+00  
715    -3.80e+00  1.80e+00   1.00e+00  
716    -3.80e+00  1.79e+00   1.00e+00  
717    -3.80e+00  1.78e+00   1.00e+00  
718    -3.80e+00  1.77e+00   1.00e+00  
719    -3.80e+00  1.76e+00   1.00e+00  
720    -3.80e+00  1.75e+00   1.00e+00  
721    -3.80e+00  1.74e+00   1.00e+00  
722    -3.80e+00  1.74e+00   1.00e+00  
723    -3.80e+00  1.74e+00   1.00e+00  
724    -3.80e+00  1.73e+00   1.00e+00  
725    -3.80e+00  1.73e+00   1.00e+00  
726    -3.80e+00  1.73e+00   1.00e+00  
727    -3.80e+00  1.73e+00   1.00e+00  
728    -3.80e+00  1.72e+00   1.00e+00  
729    -3.80e+00  1.72e+00   1.00e+00  
730    -3.80e+00  1.72e+00   1.00e+00  
731    -3.80e+00  1.72e+00   1.00e+00  
732    -3.80e+00  1.72e+00   1.00e+00  
733    -3.80e+00  1.72e+00   1.00e+00  
734    -3.80e+00  1.72e+00   1.00e+00  
735    -3.81e+00  1.71e+00   1.00e+00  
736    -3.81e+00  1.71e+00   1.00e+00  
737    -3.81e+00  1.71e+00   1.00e+00  
738    -3.81e+00  1.70e+00   1.00e+00  
739    -3.81e+00  1.70e+00   1.00e+00  
740    -3.81e+00  1.69e+00   1.00e+00  
741    -3.81e+00  1.68e+00   1.00e+00  
742    -3.81e+00  1.67e+00   1.00e+00  
743    -3.81e+00  1.66e+00   1.00e+00  
744    -3.81e+00  1.65e+00   1.00e+00  
745    -3.81e+00  1.64e+00   1.00e+00  
746    -3.81e+00  1.63e+00   1.00e+00  
747    -3.81e+00  1.62e+00   1.00e+00  
748    -3.81e+00  1.61e+00   1.00e+00  
749    -3.81e+00  1.59e+00   1.00e+00  
750    -3.81e+00  1.58e+00   1.00e+00  
751    -3.81e+00  1.57e+00   1.00e+00  
752    -3.81e+00  1.55e+00   1.00e+00  
753    -3.81e+00  1.54e+00   1.00e+00  
754    -3.81e+00  1.53e+00   1.00e+00  
755    -3.81e+00  1.51e+00   1.00e+00  
756    -3.81e+00  1.50e+00   1.00e+00  
757    -3.81e+00  1.49e+00   1.00e+00  
758    -3.81e+00  1.48e+00   1.00e+00  
759    -3.81e+00  1.47e+00   1.00e+00  
760    -3.81e+00  1.46e+00   1.00e+00  
761    -3.81e+00  1.45e+00   1.00e+00  
762    -3.81e+00  1.44e+00   1.00e+00  
763    -3.81e+00  1.43e+00   1.00e+00  
764    -3.81e+00  1.43e+00   1.00e+00  
765    -3.81e+00  1.42e+00   1.00e+00  
766    -3.81e+00  1.42e+00   1.00e+00  
767    -3.81e+00  1.41e+00   1.00e+00  
768    -3.81e+00  1.41e+00   1.00e+00  
769    -3.81e+00  1.41e+00   1.00e+00  
770    -3.81e+00  1.41e+00   1.00e+00  
771    -3.81e+00  1.41e+00   1.00e+00  
772    -3.81e+00  1.40e+00   1.00e+00  
773    -3.81e+00  1.40e+00   1.00e+00  
774    -3.81e+00  1.40e+00   1.00e+00  
775    -3.81e+00  1.40e+00   1.00e+00  
776    -3.81e+00  1.40e+00   1.00e+00  
777    -3.81e+00  1.40e+00   1.00e+00  
778    -3.81e+00  1.39e+00   1.00e+00  
779    -3.81e+00  1.39e+00   1.00e+00  
780    -3.81e+00  1.39e+00   1.00e+00  
781    -3.81e+00  1.38e+00   1.00e+00  
782    -3.81e+00  1.38e+00   1.00e+00  
783    -3.81e+00  1.38e+00   1.00e+00  
784    -3.81e+00  1.37e+00   1.00e+00  
785    -3.81e+00  1.36e+00   1.00e+00  
786    -3.81e+00  1.36e+00   1.00e+00  
787    -3.81e+00  1.35e+00   1.00e+00  
788    -3.81e+00  1.34e+00   1.00e+00  
789    -3.81e+00  1.33e+00   1.00e+00  
790    -3.81e+00  1.32e+00   1.00e+00  
791    -3.81e+00  1.31e+00   1.00e+00  
792    -3.81e+00  1.30e+00   1.00e+00  
793    -3.81e+00  1.29e+00   1.00e+00  
794    -3.81e+00  1.28e+00   1.00e+00  
795    -3.81e+00  1.27e+00   1.00e+00  
796    -3.81e+00  1.26e+00   1.00e+00  
797    -3.81e+00  1.25e+00   1.00e+00  
798    -3.81e+00  1.24e+00   1.00e+00  
799    -3.81e+00  1.23e+00   1.00e+00  
800    -3.81e+00  1.22e+00   1.00e+00  
801    -3.81e+00  1.21e+00   1.00e+00  
802    -3.81e+00  1.21e+00   1.00e+00  
803    -3.81e+00  1.20e+00   1.00e+00  
804    -3.81e+00  1.19e+00   1.00e+00  
805    -3.81e+00  1.19e+00   1.00e+00  
806    -3.81e+00  1.18e+00   1.00e+00  
807    -3.81e+00  1.18e+00   1.00e+00  
808    -3.81e+00  1.17e+00   1.00e+00  
809    -3.81e+00  1.17e+00   1.00e+00  
810    -3.81e+00  1.17e+00   1.00e+00  
811    -3.81e+00  1.16e+00   1.00e+00  
812    -3.81e+00  1.16e+00   1.00e+00  
813    -3.81e+00  1.16e+00   1.00e+00  
814    -3.81e+00  1.16e+00   1.00e+00  
815    -3.81e+00  1.16e+00   1.00e+00  
816    -3.81e+00  1.16e+00   1.00e+00  
817    -3.81e+00  1.16e+00   1.00e+00  
818    -3.81e+00  1.16e+00   1.00e+00  
819    -3.81e+00  1.16e+00   1.00e+00  
820    -3.81e+00  1.16e+00   1.00e+00  
821    -3.81e+00  1.16e+00   1.00e+00  
822    -3.81e+00  1.16e+00   1.00e+00  
823    -3.81e+00  1.16e+00   1.00e+00  
824    -3.81e+00  1.16e+00   1.00e+00  
825    -3.81e+00  1.15e+00   1.00e+00  
826    -3.81e+00  1.15e+00   1.00e+00  
827    -3.81e+00  1.15e+00   1.00e+00  
828    -3.81e+00  1.15e+00   1.00e+00  
829    -3.81e+00  1.14e+00   1.00e+00  
830    -3.81e+00  1.14e+00   1.00e+00  
831    -3.81e+00  1.13e+00   1.00e+00  
832    -3.81e+00  1.13e+00   1.00e+00  
833    -3.81e+00  1.12e+00   1.00e+00  
834    -3.81e+00  1.11e+00   1.00e+00  
835    -3.81e+00  1.11e+00   1.00e+00  
836    -3.81e+00  1.10e+00   1.00e+00  
837    -3.81e+00  1.09e+00   1.00e+00  
838    -3.81e+00  1.09e+00   1.00e+00  
839    -3.81e+00  1.08e+00   1.00e+00  
840    -3.81e+00  1.07e+00   1.00e+00  
841    -3.81e+00  1.07e+00   1.00e+00  
842    -3.81e+00  1.06e+00   1.00e+00  
843    -3.81e+00  1.05e+00   1.00e+00  
844    -3.81e+00  1.04e+00   1.00e+00  
845    -3.81e+00  1.04e+00   1.00e+00  
846    -3.81e+00  1.03e+00   1.00e+00  
847    -3.81e+00  1.03e+00   1.00e+00  
848    -3.81e+00  1.02e+00   1.00e+00  
849    -3.81e+00  1.02e+00   1.00e+00  
850    -3.81e+00  1.01e+00   1.00e+00  
851    -3.81e+00  1.01e+00   1.00e+00  
852    -3.81e+00  1.01e+00   1.00e+00  
853    -3.81e+00  1.00e+00   1.00e+00  
854    -3.81e+00  1.00e+00   1.00e+00  
855    -3.81e+00  9.99e-01   1.00e+00  
856    -3.81e+00  9.98e-01   1.00e+00  
857    -3.81e+00  9.97e-01   1.00e+00  
858    -3.81e+00  9.97e-01   1.00e+00  
859    -3.81e+00  9.97e-01   1.00e+00  
860    -3.81e+00  9.98e-01   1.00e+00  
861    -3.81e+00  9.98e-01   1.00e+00  
862    -3.81e+00  9.99e-01   1.00e+00  
863    -3.81e+00  1.00e+00   1.00e+00  
864    -3.81e+00  1.00e+00   1.00e+00  
865    -3.81e+00  1.00e+00   1.00e+00  
866    -3.81e+00  1.00e+00   1.00e+00  
867    -3.81e+00  1.00e+00   1.00e+00  
868    -3.81e+00  1.00e+00   1.00e+00  
869    -3.81e+00  1.00e+00   1.00e+00  
870    -3.81e+00  1.00e+00   1.00e+00  
871    -3.81e+00  1.00e+00   1.00e+00  
872    -3.81e+00  1.00e+00   1.00e+00  
873    -3.81e+00  1.00e+00   1.00e+00  
874    -3.81e+00  1.00e+00   1.00e+00  
875    -3.81e+00  1.00e+00   1.00e+00  
876    -3.81e+00  9.98e-01   1.00e+00  
877    -3.81e+00  9.96e-01   1.00e+00  
878    -3.81e+00  9.93e-01   1.00e+00  
879    -3.81e+00  9.90e-01   1.00e+00  
880    -3.81e+00  9.86e-01   1.00e+00  
881    -3.81e+00  9.83e-01   1.00e+00  
882    -3.81e+00  9.79e-01   1.00e+00  
883    -3.81e+00  9.74e-01   1.00e+00  
884    -3.81e+00  9.70e-01   1.00e+00  
885    -3.81e+00  9.65e-01   1.00e+00  
886    -3.81e+00  9.60e-01   1.00e+00  
887    -3.81e+00  9.56e-01   1.00e+00  
888    -3.81e+00  9.51e-01   1.00e+00  
889    -3.81e+00  9.46e-01   1.00e+00  
890    -3.81e+00  9.41e-01   1.00e+00  
891    -3.81e+00  9.36e-01   1.00e+00  
892    -3.81e+00  9.32e-01   1.00e+00  
893    -3.81e+00  9.28e-01   1.00e+00  
894    -3.81e+00  9.24e-01   1.00e+00  
895    -3.81e+00  9.20e-01   1.00e+00  
896    -3.81e+00  9.17e-01   1.00e+00  
897    -3.81e+00  9.13e-01   1.00e+00  
898    -3.81e+00  9.11e-01   1.00e+00  
899    -3.81e+00  9.08e-01   1.00e+00  
900    -3.81e+00  9.07e-01   1.00e+00  
901    -3.81e+00  9.05e-01   1.00e+00  
902    -3.81e+00  9.04e-01   1.00e+00  
903    -3.81e+00  9.03e-01   1.00e+00  
904    -3.81e+00  9.03e-01   1.00e+00  
905    -3.81e+00  9.03e-01   1.00e+00  
906    -3.81e+00  9.03e-01   1.00e+00  
907    -3.81e+00  9.04e-01   1.00e+00  
908    -3.81e+00  9.05e-01   1.00e+00  
909    -3.81e+00  9.06e-01   1.00e+00  
910    -3.81e+00  9.08e-01   1.00e+00  
911    -3.81e+00  9.09e-01   1.00e+00  
912    -3.81e+00  9.11e-01   1.00e+00  
913    -3.81e+00  9.13e-01   1.00e+00  
914    -3.81e+00  9.14e-01   1.00e+00  
915    -3.81e+00  9.16e-01   1.00e+00  
916    -3.81e+00  9.18e-01   1.00e+00  
917    -3.81e+00  9.20e-01   1.00e+00  
918    -3.81e+00  9.21e-01   1.00e+00  
919    -3.81e+00  9.23e-01   1.00e+00  
920    -3.81e+00  9.24e-01   1.00e+00  
921    -3.81e+00  9.25e-01   1.00e+00  
922    -3.81e+00  9.26e-01   1.00e+00  
923    -3.81e+00  9.26e-01   1.00e+00  
924    -3.81e+00  9.26e-01   1.00e+00  
925    -3.81e+00  9.26e-01   1.00e+00  
926    -3.81e+00  9.26e-01   1.00e+00  
927    -3.81e+00  9.26e-01   1.00e+00  
928    -3.81e+00  9.25e-01   1.00e+00  
929    -3.81e+00  9.23e-01   1.00e+00  
930    -3.81e+00  9.22e-01   1.00e+00  
931    -3.81e+00  9.20e-01   1.00e+00  
932    -3.81e+00  9.18e-01   1.00e+00  
933    -3.81e+00  9.16e-01   1.00e+00  
934    -3.81e+00  9.14e-01   1.00e+00  
935    -3.81e+00  9.11e-01   1.00e+00  
936    -3.81e+00  9.08e-01   1.00e+00  
937    -3.81e+00  9.05e-01   1.00e+00  
938    -3.81e+00  9.02e-01   1.00e+00  
939    -3.81e+00  8.98e-01   1.00e+00  
940    -3.81e+00  8.95e-01   1.00e+00  
941    -3.81e+00  8.92e-01   1.00e+00  
942    -3.81e+00  8.88e-01   1.00e+00  
943    -3.81e+00  8.85e-01   1.00e+00  
944    -3.81e+00  8.81e-01   1.00e+00  
945    -3.81e+00  8.78e-01   1.00e+00  
946    -3.81e+00  8.75e-01   1.00e+00  
947    -3.81e+00  8.72e-01   1.00e+00  
948    -3.81e+00  8.69e-01   1.00e+00  
949    -3.81e+00  8.67e-01   1.00e+00  
950    -3.81e+00  8.64e-01   1.00e+00  
951    -3.81e+00  8.62e-01   1.00e+00  
952    -3.81e+00  8.60e-01   1.00e+00  
953    -3.81e+00  8.58e-01   1.00e+00  
954    -3.81e+00  8.57e-01   1.00e+00  
955    -3.81e+00  8.56e-01   1.00e+00  
956    -3.81e+00  8.55e-01   1.00e+00  
957    -3.81e+00  8.54e-01   1.00e+00  
958    -3.81e+00  8.54e-01   1.00e+00  
959    -3.81e+00  8.54e-01   1.00e+00  
960    -3.81e+00  8.54e-01   1.00e+00  
961    -3.81e+00  8.55e-01   1.00e+00  
962    -3.81e+00  8.55e-01   1.00e+00  
963    -3.81e+00  8.56e-01   1.00e+00  
964    -3.81e+00  8.57e-01   1.00e+00  
965    -3.81e+00  8.59e-01   1.00e+00  
966    -3.81e+00  8.60e-01   1.00e+00  
967    -3.81e+00  8.61e-01   1.00e+00  
968    -3.81e+00  8.63e-01   1.00e+00  
969    -3.81e+00  8.65e-01   1.00e+00  
970    -3.81e+00  8.66e-01   1.00e+00  
971    -3.81e+00  8.68e-01   1.00e+00  
972    -3.81e+00  8.69e-01   1.00e+00  
973    -3.81e+00  8.71e-01   1.00e+00  
974    -3.81e+00  8.72e-01   1.00e+00  
975    -3.81e+00  8.74e-01   1.00e+00  
976    -3.81e+00  8.75e-01   1.00e+00  
977    -3.81e+00  8.76e-01   1.00e+00  
978    -3.81e+00  8.77e-01   1.00e+00  
979    -3.81e+00  8.78e-01   1.00e+00  
980    -3.81e+00  8.79e-01   1.00e+00  
981    -3.81e+00  8.79e-01   1.00e+00  
982    -3.81e+00  8.79e-01   1.00e+00  
983    -3.81e+00  8.79e-01   1.00e+00  
984    -3.81e+00  8.79e-01   1.00e+00  
985    -3.81e+00  8.78e-01   1.00e+00  
986    -3.81e+00  8.77e-01   1.00e+00  
987    -3.81e+00  8.76e-01   1.00e+00  
988    -3.81e+00  8.75e-01   1.00e+00  
989    -3.81e+00  8.74e-01   1.00e+00  
990    -3.81e+00  8.72e-01   1.00e+00  
991    -3.81e+00  8.70e-01   1.00e+00  
992    -3.81e+00  8.68e-01   1.00e+00  
993    -3.81e+00  8.66e-01   1.00e+00  
994    -3.81e+00  8.63e-01   1.00e+00  
995    -3.81e+00  8.60e-01   1.00e+00  
996    -3.81e+00  8.58e-01   1.00e+00  
997    -3.81e+00  8.55e-01   1.00e+00  
998    -3.81e+00  8.52e-01   1.00e+00  
999    -3.81e+00  8.49e-01   1.00e+00  
1000   -3.81e+00  8.46e-01   1.00e+00  
1001   -3.81e+00  8.42e-01   1.00e+00  
1002   -3.81e+00  8.39e-01   1.00e+00  
1003   -3.81e+00  8.36e-01   1.00e+00  
1004   -3.81e+00  8.33e-01   1.00e+00  
1005   -3.81e+00  8.30e-01   1.00e+00  
1006   -3.81e+00  8.26e-01   1.00e+00  
1007   -3.81e+00  8.23e-01   1.00e+00  
1008   -3.81e+00  8.21e-01   1.00e+00  
1009   -3.81e+00  8.18e-01   1.00e+00  
1010   -3.81e+00  8.15e-01   1.00e+00  
1011   -3.81e+00  8.13e-01   1.00e+00  
1012   -3.81e+00  8.10e-01   1.00e+00  
1013   -3.81e+00  8.08e-01   1.00e+00  
1014   -3.81e+00  8.06e-01   1.00e+00  
1015   -3.81e+00  8.05e-01   1.00e+00  
1016   -3.81e+00  8.03e-01   1.00e+00  
1017   -3.81e+00  8.02e-01   1.00e+00  
1018   -3.81e+00  8.01e-01   1.00e+00  
1019   -3.81e+00  8.00e-01   1.00e+00  
1020   -3.81e+00  7.99e-01   1.00e+00  
1021   -3.81e+00  7.99e-01   1.00e+00  
1022   -3.81e+00  7.98e-01   1.00e+00  
1023   -3.81e+00  7.98e-01   1.00e+00  
1024   -3.81e+00  7.98e-01   1.00e+00  
1025   -3.81e+00  7.98e-01   1.00e+00  
1026   -3.81e+00  7.99e-01   1.00e+00  
1027   -3.81e+00  7.99e-01   1.00e+00  
1028   -3.81e+00  8.00e-01   1.00e+00  
1029   -3.81e+00  8.00e-01   1.00e+00  
1030   -3.81e+00  8.01e-01   1.00e+00  
1031   -3.81e+00  8.02e-01   1.00e+00  
1032   -3.81e+00  8.03e-01   1.00e+00  
1033   -3.81e+00  8.04e-01   1.00e+00  
1034   -3.81e+00  8.04e-01   1.00e+00  
1035   -3.81e+00  8.05e-01   1.00e+00  
1036   -3.81e+00  8.06e-01   1.00e+00  
1037   -3.81e+00  8.07e-01   1.00e+00  
1038   -3.81e+00  8.07e-01   1.00e+00  
1039   -3.81e+00  8.08e-01   1.00e+00  
1040   -3.81e+00  8.08e-01   1.00e+00  
1041   -3.81e+00  8.08e-01   1.00e+00  
1042   -3.81e+00  8.08e-01   1.00e+00  
1043   -3.81e+00  8.08e-01   1.00e+00  
1044   -3.81e+00  8.08e-01   1.00e+00  
1045   -3.81e+00  8.08e-01   1.00e+00  
1046   -3.81e+00  8.07e-01   1.00e+00  
1047   -3.81e+00  8.07e-01   1.00e+00  
1048   -3.81e+00  8.06e-01   1.00e+00  
1049   -3.81e+00  8.05e-01   1.00e+00  
1050   -3.81e+00  8.03e-01   1.00e+00  
1051   -3.81e+00  8.02e-01   1.00e+00  
1052   -3.81e+00  8.00e-01   1.00e+00  
1053   -3.81e+00  7.98e-01   1.00e+00  
1054   -3.81e+00  7.96e-01   1.00e+00  
1055   -3.81e+00  7.94e-01   1.00e+00  
1056   -3.81e+00  7.91e-01   1.00e+00  
1057   -3.81e+00  7.89e-01   1.00e+00  
1058   -3.81e+00  7.86e-01   1.00e+00  
1059   -3.81e+00  7.83e-01   1.00e+00  
1060   -3.81e+00  7.80e-01   1.00e+00  
1061   -3.81e+00  7.77e-01   1.00e+00  
1062   -3.81e+00  7.74e-01   1.00e+00  
1063   -3.81e+00  7.71e-01   1.00e+00  
1064   -3.81e+00  7.68e-01   1.00e+00  
1065   -3.81e+00  7.64e-01   1.00e+00  
1066   -3.81e+00  7.61e-01   1.00e+00  
1067   -3.81e+00  7.57e-01   1.00e+00  
1068   -3.81e+00  7.54e-01   1.00e+00  
1069   -3.81e+00  7.50e-01   1.00e+00  
1070   -3.81e+00  7.47e-01   1.00e+00  
1071   -3.81e+00  7.44e-01   1.00e+00  
1072   -3.81e+00  7.41e-01   1.00e+00  
1073   -3.81e+00  7.37e-01   1.00e+00  
1074   -3.81e+00  7.34e-01   1.00e+00  
1075   -3.81e+00  7.31e-01   1.00e+00  
1076   -3.81e+00  7.29e-01   1.00e+00  
1077   -3.81e+00  7.26e-01   1.00e+00  
1078   -3.81e+00  7.23e-01   1.00e+00  
1079   -3.81e+00  7.21e-01   1.00e+00  
1080   -3.81e+00  7.19e-01   1.00e+00  
1081   -3.81e+00  7.17e-01   1.00e+00  
1082   -3.81e+00  7.15e-01   1.00e+00  
1083   -3.81e+00  7.13e-01   1.00e+00  
1084   -3.81e+00  7.12e-01   1.00e+00  
1085   -3.81e+00  7.10e-01   1.00e+00  
1086   -3.81e+00  7.09e-01   1.00e+00  
1087   -3.81e+00  7.08e-01   1.00e+00  
1088   -3.81e+00  7.07e-01   1.00e+00  
1089   -3.81e+00  7.06e-01   1.00e+00  
1090   -3.81e+00  7.06e-01   1.00e+00  
1091   -3.81e+00  7.05e-01   1.00e+00  
1092   -3.81e+00  7.05e-01   1.00e+00  
1093   -3.81e+00  7.05e-01   1.00e+00  
1094   -3.81e+00  7.05e-01   1.00e+00  
1095   -3.81e+00  7.05e-01   1.00e+00  
1096   -3.81e+00  7.05e-01   1.00e+00  
1097   -3.81e+00  7.05e-01   1.00e+00  
1098   -3.81e+00  7.05e-01   1.00e+00  
1099   -3.81e+00  7.05e-01   1.00e+00  
1100   -3.81e+00  7.05e-01   1.00e+00  
1101   -3.81e+00  7.05e-01   1.00e+00  
1102   -3.81e+00  7.05e-01   1.00e+00  
1103   -3.81e+00  7.05e-01   1.00e+00  
1104   -3.81e+00  7.05e-01   1.00e+00  
1105   -3.81e+00  7.05e-01   1.00e+00  
1106   -3.81e+00  7.05e-01   1.00e+00  
1107   -3.81e+00  7.05e-01   1.00e+00  
1108   -3.81e+00  7.04e-01   1.00e+00  
1109   -3.81e+00  7.04e-01   1.00e+00  
1110   -3.81e+00  7.03e-01   1.00e+00  
1111   -3.81e+00  7.02e-01   1.00e+00  
1112   -3.81e+00  7.01e-01   1.00e+00  
1113   -3.81e+00  7.00e-01   1.00e+00  
1114   -3.81e+00  6.99e-01   1.00e+00  
1115   -3.81e+00  6.97e-01   1.00e+00  
1116   -3.81e+00  6.96e-01   1.00e+00  
1117   -3.81e+00  6.94e-01   1.00e+00  
1118   -3.81e+00  6.92e-01   1.00e+00  
1119   -3.81e+00  6.90e-01   1.00e+00  
1120   -3.81e+00  6.88e-01   1.00e+00  
1121   -3.81e+00  6.85e-01   1.00e+00  
1122   -3.81e+00  6.83e-01   1.00e+00  
1123   -3.81e+00  6.80e-01   1.00e+00  
1124   -3.81e+00  6.78e-01   1.00e+00  
1125   -3.81e+00  6.75e-01   1.00e+00  
1126   -3.81e+00  6.72e-01   1.00e+00  
1127   -3.81e+00  6.68e-01   1.00e+00  
1128   -3.81e+00  6.65e-01   1.00e+00  
1129   -3.81e+00  6.62e-01   1.00e+00  
1130   -3.81e+00  6.59e-01   1.00e+00  
1131   -3.81e+00  6.55e-01   1.00e+00  
1132   -3.81e+00  6.52e-01   1.00e+00  
1133   -3.81e+00  6.49e-01   1.00e+00  
1134   -3.81e+00  6.45e-01   1.00e+00  
1135   -3.81e+00  6.42e-01   1.00e+00  
1136   -3.81e+00  6.38e-01   1.00e+00  
1137   -3.81e+00  6.35e-01   1.00e+00  
1138   -3.81e+00  6.32e-01   1.00e+00  
1139   -3.81e+00  6.29e-01   1.00e+00  
1140   -3.81e+00  6.26e-01   1.00e+00  
1141   -3.81e+00  6.23e-01   1.00e+00  
1142   -3.81e+00  6.20e-01   1.00e+00  
1143   -3.81e+00  6.17e-01   1.00e+00  
1144   -3.81e+00  6.14e-01   1.00e+00  
1145   -3.81e+00  6.12e-01   1.00e+00  
1146   -3.81e+00  6.10e-01   1.00e+00  
1147   -3.81e+00  6.07e-01   1.00e+00  
1148   -3.81e+00  6.05e-01   1.00e+00  
1149   -3.81e+00  6.04e-01   1.00e+00  
1150   -3.81e+00  6.02e-01   1.00e+00  
1151   -3.81e+00  6.00e-01   1.00e+00  
1152   -3.81e+00  5.99e-01   1.00e+00  
1153   -3.81e+00  5.98e-01   1.00e+00  
1154   -3.81e+00  5.96e-01   1.00e+00  
1155   -3.81e+00  5.95e-01   1.00e+00  
1156   -3.81e+00  5.95e-01   1.00e+00  
1157   -3.81e+00  5.94e-01   1.00e+00  
1158   -3.81e+00  5.93e-01   1.00e+00  
1159   -3.81e+00  5.93e-01   1.00e+00  
1160   -3.81e+00  5.92e-01   1.00e+00  
1161   -3.81e+00  5.92e-01   1.00e+00  
1162   -3.81e+00  5.92e-01   1.00e+00  
1163   -3.81e+00  5.91e-01   1.00e+00  
1164   -3.81e+00  5.91e-01   1.00e+00  
1165   -3.81e+00  5.91e-01   1.00e+00  
1166   -3.81e+00  5.91e-01   1.00e+00  
1167   -3.81e+00  5.90e-01   1.00e+00  
1168   -3.81e+00  5.90e-01   1.00e+00  
1169   -3.81e+00  5.90e-01   1.00e+00  
1170   -3.81e+00  5.89e-01   1.00e+00  
1171   -3.81e+00  5.89e-01   1.00e+00  
1172   -3.81e+00  5.88e-01   1.00e+00  
1173   -3.81e+00  5.88e-01   1.00e+00  
1174   -3.81e+00  5.87e-01   1.00e+00  
1175   -3.81e+00  5.86e-01   1.00e+00  
1176   -3.81e+00  5.85e-01   1.00e+00  
1177   -3.81e+00  5.84e-01   1.00e+00  
1178   -3.81e+00  5.83e-01   1.00e+00  
1179   -3.81e+00  5.82e-01   1.00e+00  
1180   -3.81e+00  5.80e-01   1.00e+00  
1181   -3.81e+00  5.78e-01   1.00e+00  
1182   -3.81e+00  5.77e-01   1.00e+00  
1183   -3.81e+00  5.75e-01   1.00e+00  
1184   -3.81e+00  5.73e-01   1.00e+00  
1185   -3.81e+00  5.71e-01   1.00e+00  
1186   -3.81e+00  5.68e-01   1.00e+00  
1187   -3.81e+00  5.66e-01   1.00e+00  
1188   -3.81e+00  5.63e-01   1.00e+00  
1189   -3.81e+00  5.61e-01   1.00e+00  
1190   -3.81e+00  5.58e-01   1.00e+00  
1191   -3.81e+00  5.55e-01   1.00e+00  
1192   -3.81e+00  5.52e-01   1.00e+00  
1193   -3.81e+00  5.49e-01   1.00e+00  
1194   -3.81e+00  5.46e-01   1.00e+00  
1195   -3.81e+00  5.43e-01   1.00e+00  
1196   -3.81e+00  5.40e-01   1.00e+00  
1197   -3.81e+00  5.37e-01   1.00e+00  
1198   -3.81e+00  5.33e-01   1.00e+00  
1199   -3.81e+00  5.30e-01   1.00e+00  
1200   -3.81e+00  5.27e-01   1.00e+00  
1201   -3.81e+00  5.24e-01   1.00e+00  
1202   -3.81e+00  5.21e-01   1.00e+00  
1203   -3.81e+00  5.18e-01   1.00e+00  
1204   -3.81e+00  5.15e-01   1.00e+00  
1205   -3.81e+00  5.12e-01   1.00e+00  
1206   -3.81e+00  5.09e-01   1.00e+00  
1207   -3.81e+00  5.07e-01   1.00e+00  
1208   -3.81e+00  5.04e-01   1.00e+00  
1209   -3.81e+00  5.02e-01   1.00e+00  
1210   -3.81e+00  5.00e-01   1.00e+00  
1211   -3.81e+00  4.98e-01   1.00e+00  
1212   -3.81e+00  4.96e-01   1.00e+00  
1213   -3.81e+00  4.94e-01   1.00e+00  
1214   -3.81e+00  4.92e-01   1.00e+00  
1215   -3.81e+00  4.91e-01   1.00e+00  
1216   -3.81e+00  4.89e-01   1.00e+00  
1217   -3.81e+00  4.88e-01   1.00e+00  
1218   -3.81e+00  4.87e-01   1.00e+00  
1219   -3.81e+00  4.86e-01   1.00e+00  
1220   -3.81e+00  4.85e-01   1.00e+00  
1221   -3.81e+00  4.84e-01   1.00e+00  
1222   -3.81e+00  4.83e-01   1.00e+00  
1223   -3.81e+00  4.83e-01   1.00e+00  
1224   -3.81e+00  4.82e-01   1.00e+00  
1225   -3.81e+00  4.82e-01   1.00e+00  
1226   -3.81e+00  4.81e-01   1.00e+00  
1227   -3.81e+00  4.81e-01   1.00e+00  
1228   -3.81e+00  4.80e-01   1.00e+00  
1229   -3.81e+00  4.80e-01   1.00e+00  
1230   -3.81e+00  4.79e-01   1.00e+00  
1231   -3.81e+00  4.79e-01   1.00e+00  
1232   -3.81e+00  4.78e-01   1.00e+00  
1233   -3.81e+00  4.78e-01   1.00e+00  
1234   -3.81e+00  4.77e-01   1.00e+00  
1235   -3.81e+00  4.77e-01   1.00e+00  
1236   -3.81e+00  4.76e-01   1.00e+00  
1237   -3.81e+00  4.75e-01   1.00e+00  
1238   -3.81e+00  4.74e-01   1.00e+00  
1239   -3.81e+00  4.73e-01   1.00e+00  
1240   -3.81e+00  4.72e-01   1.00e+00  
1241   -3.81e+00  4.71e-01   1.00e+00  
1242   -3.81e+00  4.69e-01   1.00e+00  
1243   -3.81e+00  4.68e-01   1.00e+00  
1244   -3.81e+00  4.66e-01   1.00e+00  
1245   -3.81e+00  4.64e-01   1.00e+00  
1246   -3.81e+00  4.63e-01   1.00e+00  
1247   -3.81e+00  4.60e-01   1.00e+00  
1248   -3.81e+00  4.58e-01   1.00e+00  
1249   -3.81e+00  4.56e-01   1.00e+00  
1250   -3.81e+00  4.54e-01   1.00e+00  
1251   -3.81e+00  4.51e-01   1.00e+00  
1252   -3.81e+00  4.49e-01   1.00e+00  
1253   -3.81e+00  4.46e-01   1.00e+00  
1254   -3.81e+00  4.43e-01   1.00e+00  
1255   -3.81e+00  4.41e-01   1.00e+00  
1256   -3.81e+00  4.38e-01   1.00e+00  
1257   -3.81e+00  4.35e-01   1.00e+00  
1258   -3.81e+00  4.32e-01   1.00e+00  
1259   -3.81e+00  4.29e-01   1.00e+00  
1260   -3.81e+00  4.26e-01   1.00e+00  
1261   -3.81e+00  4.24e-01   1.00e+00  
1262   -3.81e+00  4.21e-01   1.00e+00  
1263   -3.81e+00  4.18e-01   1.00e+00  
1264   -3.81e+00  4.15e-01   1.00e+00  
1265   -3.81e+00  4.13e-01   1.00e+00  
1266   -3.81e+00  4.10e-01   1.00e+00  
1267   -3.81e+00  4.07e-01   1.00e+00  
1268   -3.81e+00  4.05e-01   1.00e+00  
1269   -3.81e+00  4.03e-01   1.00e+00  
1270   -3.81e+00  4.01e-01   1.00e+00  
1271   -3.81e+00  3.99e-01   1.00e+00  
1272   -3.81e+00  3.97e-01   1.00e+00  
1273   -3.81e+00  3.95e-01   1.00e+00  
1274   -3.81e+00  3.93e-01   1.00e+00  
1275   -3.81e+00  3.92e-01   1.00e+00  
1276   -3.81e+00  3.90e-01   1.00e+00  
1277   -3.81e+00  3.89e-01   1.00e+00  
1278   -3.81e+00  3.88e-01   1.00e+00  
1279   -3.81e+00  3.87e-01   1.00e+00  
1280   -3.81e+00  3.86e-01   1.00e+00  
1281   -3.81e+00  3.85e-01   1.00e+00  
1282   -3.81e+00  3.84e-01   1.00e+00  
1283   -3.81e+00  3.83e-01   1.00e+00  
1284   -3.81e+00  3.83e-01   1.00e+00  
1285   -3.81e+00  3.82e-01   1.00e+00  
1286   -3.81e+00  3.82e-01   1.00e+00  
1287   -3.81e+00  3.81e-01   1.00e+00  
1288   -3.81e+00  3.81e-01   1.00e+00  
1289   -3.81e+00  3.80e-01   1.00e+00  
1290   -3.81e+00  3.80e-01   1.00e+00  
1291   -3.81e+00  3.79e-01   1.00e+00  
1292   -3.81e+00  3.78e-01   1.00e+00  
1293   -3.81e+00  3.78e-01   1.00e+00  
1294   -3.81e+00  3.77e-01   1.00e+00  
1295   -3.81e+00  3.76e-01   1.00e+00  
1296   -3.81e+00  3.76e-01   1.00e+00  
1297   -3.81e+00  3.75e-01   1.00e+00  
1298   -3.81e+00  3.74e-01   1.00e+00  
1299   -3.81e+00  3.72e-01   1.00e+00  
1300   -3.81e+00  3.71e-01   1.00e+00  
1301   -3.81e+00  3.70e-01   1.00e+00  
1302   -3.81e+00  3.68e-01   1.00e+00  
1303   -3.81e+00  3.67e-01   1.00e+00  
1304   -3.81e+00  3.65e-01   1.00e+00  
1305   -3.81e+00  3.63e-01   1.00e+00  
1306   -3.81e+00  3.61e-01   1.00e+00  
1307   -3.81e+00  3.59e-01   1.00e+00  
1308   -3.81e+00  3.57e-01   1.00e+00  
1309   -3.81e+00  3.55e-01   1.00e+00  
1310   -3.81e+00  3.53e-01   1.00e+00  
1311   -3.81e+00  3.50e-01   1.00e+00  
1312   -3.81e+00  3.48e-01   1.00e+00  
1313   -3.81e+00  3.46e-01   1.00e+00  
1314   -3.81e+00  3.43e-01   1.00e+00  
1315   -3.81e+00  3.41e-01   1.00e+00  
1316   -3.81e+00  3.38e-01   1.00e+00  
1317   -3.81e+00  3.35e-01   1.00e+00  
1318   -3.81e+00  3.33e-01   1.00e+00  
1319   -3.81e+00  3.30e-01   1.00e+00  
1320   -3.81e+00  3.28e-01   1.00e+00  
1321   -3.81e+00  3.25e-01   1.00e+00  
1322   -3.81e+00  3.23e-01   1.00e+00  
1323   -3.81e+00  3.21e-01   1.00e+00  
1324   -3.81e+00  3.18e-01   1.00e+00  
1325   -3.81e+00  3.16e-01   1.00e+00  
1326   -3.81e+00  3.14e-01   1.00e+00  
1327   -3.81e+00  3.12e-01   1.00e+00  
1328   -3.81e+00  3.10e-01   1.00e+00  
1329   -3.81e+00  3.09e-01   1.00e+00  
1330   -3.81e+00  3.07e-01   1.00e+00  
1331   -3.81e+00  3.06e-01   1.00e+00  
1332   -3.81e+00  3.04e-01   1.00e+00  
1333   -3.81e+00  3.03e-01   1.00e+00  
1334   -3.81e+00  3.02e-01   1.00e+00  
1335   -3.81e+00  3.01e-01   1.00e+00  
1336   -3.81e+00  3.00e-01   1.00e+00  
1337   -3.81e+00  2.99e-01   1.00e+00  
1338   -3.81e+00  2.98e-01   1.00e+00  
1339   -3.81e+00  2.97e-01   1.00e+00  
1340   -3.81e+00  2.97e-01   1.00e+00  
1341   -3.81e+00  2.96e-01   1.00e+00  
1342   -3.81e+00  2.96e-01   1.00e+00  
1343   -3.81e+00  2.95e-01   1.00e+00  
1344   -3.81e+00  2.95e-01   1.00e+00  
1345   -3.81e+00  2.94e-01   1.00e+00  
1346   -3.81e+00  2.93e-01   1.00e+00  
1347   -3.81e+00  2.93e-01   1.00e+00  
1348   -3.81e+00  2.92e-01   1.00e+00  
1349   -3.81e+00  2.91e-01   1.00e+00  
1350   -3.81e+00  2.91e-01   1.00e+00  
1351   -3.81e+00  2.90e-01   1.00e+00  
1352   -3.81e+00  2.89e-01   1.00e+00  
1353   -3.81e+00  2.88e-01   1.00e+00  
1354   -3.81e+00  2.87e-01   1.00e+00  
1355   -3.81e+00  2.86e-01   1.00e+00  
1356   -3.81e+00  2.84e-01   1.00e+00  
1357   -3.81e+00  2.83e-01   1.00e+00  
1358   -3.81e+00  2.81e-01   1.00e+00  
1359   -3.81e+00  2.80e-01   1.00e+00  
1360   -3.81e+00  2.78e-01   1.00e+00  
1361   -3.81e+00  2.76e-01   1.00e+00  
1362   -3.81e+00  2.74e-01   1.00e+00  
1363   -3.81e+00  2.73e-01   1.00e+00  
1364   -3.81e+00  2.70e-01   1.00e+00  
1365   -3.81e+00  2.68e-01   1.00e+00  
1366   -3.81e+00  2.66e-01   1.00e+00  
1367   -3.81e+00  2.64e-01   1.00e+00  
1368   -3.81e+00  2.62e-01   1.00e+00  
1369   -3.81e+00  2.60e-01   1.00e+00  
1370   -3.81e+00  2.57e-01   1.00e+00  
1371   -3.81e+00  2.55e-01   1.00e+00  
1372   -3.81e+00  2.53e-01   1.00e+00  
1373   -3.81e+00  2.51e-01   1.00e+00  
1374   -3.81e+00  2.48e-01   1.00e+00  
1375   -3.81e+00  2.46e-01   1.00e+00  
1376   -3.81e+00  2.44e-01   1.00e+00  
1377   -3.81e+00  2.42e-01   1.00e+00  
1378   -3.81e+00  2.40e-01   1.00e+00  
1379   -3.81e+00  2.39e-01   1.00e+00  
1380   -3.81e+00  2.37e-01   1.00e+00  
1381   -3.81e+00  2.35e-01   1.00e+00  
1382   -3.81e+00  2.34e-01   1.00e+00  
1383   -3.81e+00  2.32e-01   1.00e+00  
1384   -3.81e+00  2.31e-01   1.00e+00  
1385   -3.81e+00  2.30e-01   1.00e+00  
1386   -3.81e+00  2.29e-01   1.00e+00  
1387   -3.81e+00  2.28e-01   1.00e+00  
1388   -3.81e+00  2.27e-01   1.00e+00  
1389   -3.81e+00  2.26e-01   1.00e+00  
1390   -3.81e+00  2.26e-01   1.00e+00  
1391   -3.81e+00  2.25e-01   1.00e+00  
1392   -3.81e+00  2.24e-01   1.00e+00  
1393   -3.81e+00  2.24e-01   1.00e+00  
1394   -3.81e+00  2.23e-01   1.00e+00  
1395   -3.81e+00  2.22e-01   1.00e+00  
1396   -3.81e+00  2.22e-01   1.00e+00  
1397   -3.81e+00  2.21e-01   1.00e+00  
1398   -3.81e+00  2.21e-01   1.00e+00  
1399   -3.81e+00  2.20e-01   1.00e+00  
1400   -3.81e+00  2.19e-01   1.00e+00  
1401   -3.81e+00  2.18e-01   1.00e+00  
1402   -3.81e+00  2.18e-01   1.00e+00  
1403   -3.81e+00  2.17e-01   1.00e+00  
1404   -3.81e+00  2.16e-01   1.00e+00  
1405   -3.81e+00  2.15e-01   1.00e+00  
1406   -3.81e+00  2.14e-01   1.00e+00  
1407   -3.81e+00  2.12e-01   1.00e+00  
1408   -3.81e+00  2.11e-01   1.00e+00  
1409   -3.81e+00  2.09e-01   1.00e+00  
1410   -3.81e+00  2.08e-01   1.00e+00  
1411   -3.81e+00  2.06e-01   1.00e+00  
1412   -3.81e+00  2.05e-01   1.00e+00  
1413   -3.81e+00  2.03e-01   1.00e+00  
1414   -3.81e+00  2.01e-01   1.00e+00  
1415   -3.81e+00  1.99e-01   1.00e+00  
1416   -3.81e+00  1.97e-01   1.00e+00  
1417   -3.81e+00  1.95e-01   1.00e+00  
1418   -3.81e+00  1.93e-01   1.00e+00  
1419   -3.81e+00  1.92e-01   1.00e+00  
1420   -3.81e+00  1.90e-01   1.00e+00  
1421   -3.81e+00  1.88e-01   1.00e+00  
1422   -3.81e+00  1.86e-01   1.00e+00  
1423   -3.81e+00  1.84e-01   1.00e+00  
1424   -3.81e+00  1.82e-01   1.00e+00  
1425   -3.81e+00  1.80e-01   1.00e+00  
1426   -3.81e+00  1.79e-01   1.00e+00  
1427   -3.81e+00  1.77e-01   1.00e+00  
1428   -3.81e+00  1.76e-01   1.00e+00  
1429   -3.81e+00  1.74e-01   1.00e+00  
1430   -3.81e+00  1.73e-01   1.00e+00  
1431   -3.81e+00  1.72e-01   1.00e+00  
1432   -3.81e+00  1.70e-01   1.00e+00  
1433   -3.81e+00  1.69e-01   1.00e+00  
1434   -3.81e+00  1.68e-01   1.00e+00  
1435   -3.81e+00  1.68e-01   1.00e+00  
1436   -3.81e+00  1.67e-01   1.00e+00  
1437   -3.81e+00  1.66e-01   1.00e+00  
1438   -3.81e+00  1.65e-01   1.00e+00  
1439   -3.81e+00  1.65e-01   1.00e+00  
1440   -3.81e+00  1.64e-01   1.00e+00  
1441   -3.81e+00  1.64e-01   1.00e+00  
1442   -3.81e+00  1.63e-01   1.00e+00  
1443   -3.81e+00  1.62e-01   1.00e+00  
1444   -3.81e+00  1.62e-01   1.00e+00  
1445   -3.81e+00  1.61e-01   1.00e+00  
1446   -3.81e+00  1.61e-01   1.00e+00  
1447   -3.81e+00  1.60e-01   1.00e+00  
1448   -3.81e+00  1.59e-01   1.00e+00  
1449   -3.81e+00  1.58e-01   1.00e+00  
1450   -3.81e+00  1.57e-01   1.00e+00  
1451   -3.81e+00  1.56e-01   1.00e+00  
1452   -3.81e+00  1.55e-01   1.00e+00  
1453   -3.81e+00  1.54e-01   1.00e+00  
1454   -3.81e+00  1.53e-01   1.00e+00  
1455   -3.81e+00  1.52e-01   1.00e+00  
1456   -3.81e+00  1.50e-01   1.00e+00  
1457   -3.81e+00  1.49e-01   1.00e+00  
1458   -3.81e+00  1.47e-01   1.00e+00  
1459   -3.81e+00  1.46e-01   1.00e+00  
1460   -3.81e+00  1.44e-01   1.00e+00  
1461   -3.81e+00  1.42e-01   1.00e+00  
1462   -3.81e+00  1.41e-01   1.00e+00  
1463   -3.81e+00  1.39e-01   1.00e+00  
1464   -3.81e+00  1.37e-01   1.00e+00  
1465   -3.81e+00  1.36e-01   1.00e+00  
1466   -3.81e+00  1.34e-01   1.00e+00  
1467   -3.81e+00  1.32e-01   1.00e+00  
1468   -3.81e+00  1.31e-01   1.00e+00  
1469   -3.81e+00  1.29e-01   1.00e+00  
1470   -3.81e+00  1.28e-01   1.00e+00  
1471   -3.81e+00  1.27e-01   1.00e+00  
1472   -3.81e+00  1.25e-01   1.00e+00  
1473   -3.81e+00  1.24e-01   1.00e+00  
1474   -3.81e+00  1.23e-01   1.00e+00  
1475   -3.81e+00  1.22e-01   1.00e+00  
1476   -3.81e+00  1.21e-01   1.00e+00  
1477   -3.81e+00  1.20e-01   1.00e+00  
1478   -3.81e+00  1.19e-01   1.00e+00  
1479   -3.81e+00  1.19e-01   1.00e+00  
1480   -3.81e+00  1.18e-01   1.00e+00  
1481   -3.81e+00  1.17e-01   1.00e+00  
1482   -3.81e+00  1.17e-01   1.00e+00  
1483   -3.81e+00  1.16e-01   1.00e+00  
1484   -3.81e+00  1.16e-01   1.00e+00  
1485   -3.81e+00  1.15e-01   1.00e+00  
1486   -3.81e+00  1.15e-01   1.00e+00  
1487   -3.81e+00  1.14e-01   1.00e+00  
1488   -3.81e+00  1.13e-01   1.00e+00  
1489   -3.81e+00  1.13e-01   1.00e+00  
1490   -3.81e+00  1.12e-01   1.00e+00  
1491   -3.81e+00  1.11e-01   1.00e+00  
1492   -3.81e+00  1.10e-01   1.00e+00  
1493   -3.81e+00  1.09e-01   1.00e+00  
1494   -3.81e+00  1.08e-01   1.00e+00  
1495   -3.81e+00  1.07e-01   1.00e+00  
1496   -3.81e+00  1.06e-01   1.00e+00  
1497   -3.81e+00  1.05e-01   1.00e+00  
1498   -3.81e+00  1.04e-01   1.00e+00  
1499   -3.81e+00  1.02e-01   1.00e+00  
1500   -3.81e+00  1.01e-01   1.00e+00  
1501   -3.81e+00  9.95e-02   1.00e+00  
1502   -3.81e+00  9.81e-02   1.00e+00  
1503   -3.81e+00  9.67e-02   1.00e+00  
1504   -3.81e+00  9.53e-02   1.00e+00  
1505   -3.81e+00  9.39e-02   1.00e+00  
1506   -3.81e+00  9.25e-02   1.00e+00  
1507   -3.81e+00  9.12e-02   1.00e+00  
1508   -3.81e+00  8.99e-02   1.00e+00  
1509   -3.81e+00  8.87e-02   1.00e+00  
1510   -3.81e+00  8.75e-02   1.00e+00  
1511   -3.81e+00  8.64e-02   1.00e+00  
1512   -3.81e+00  8.54e-02   1.00e+00  
1513   -3.81e+00  8.45e-02   1.00e+00  
1514   -3.81e+00  8.36e-02   1.00e+00  
1515   -3.81e+00  8.28e-02   1.00e+00  
1516   -3.81e+00  8.20e-02   1.00e+00  
1517   -3.81e+00  8.14e-02   1.00e+00  
1518   -3.81e+00  8.07e-02   1.00e+00  
1519   -3.81e+00  8.02e-02   1.00e+00  
1520   -3.81e+00  7.96e-02   1.00e+00  
1521   -3.81e+00  7.91e-02   1.00e+00  
1522   -3.81e+00  7.85e-02   1.00e+00  
1523   -3.81e+00  7.80e-02   1.00e+00  
1524   -3.81e+00  7.74e-02   1.00e+00  
1525   -3.81e+00  7.68e-02   1.00e+00  
1526   -3.81e+00  7.62e-02   1.00e+00  
1527   -3.81e+00  7.56e-02   1.00e+00  
1528   -3.81e+00  7.48e-02   1.00e+00  
1529   -3.81e+00  7.41e-02   1.00e+00  
1530   -3.81e+00  7.32e-02   1.00e+00  
1531   -3.81e+00  7.24e-02   1.00e+00  
1532   -3.81e+00  7.14e-02   1.00e+00  
1533   -3.81e+00  7.04e-02   1.00e+00  
1534   -3.81e+00  6.94e-02   1.00e+00  
1535   -3.81e+00  6.83e-02   1.00e+00  
1536   -3.81e+00  6.72e-02   1.00e+00  
1537   -3.81e+00  6.60e-02   1.00e+00  
1538   -3.81e+00  6.49e-02   1.00e+00  
1539   -3.81e+00  6.37e-02   1.00e+00  
1540   -3.81e+00  6.26e-02   1.00e+00  
1541   -3.81e+00  6.14e-02   1.00e+00  
1542   -3.81e+00  6.03e-02   1.00e+00  
1543   -3.81e+00  5.93e-02   1.00e+00  
1544   -3.81e+00  5.83e-02   1.00e+00  
1545   -3.81e+00  5.73e-02   1.00e+00  
1546   -3.81e+00  5.64e-02   1.00e+00  
1547   -3.81e+00  5.56e-02   1.00e+00  
1548   -3.81e+00  5.49e-02   1.00e+00  
1549   -3.81e+00  5.42e-02   1.00e+00  
1550   -3.81e+00  5.35e-02   1.00e+00  
1551   -3.81e+00  5.29e-02   1.00e+00  
1552   -3.81e+00  5.24e-02   1.00e+00  
1553   -3.81e+00  5.19e-02   1.00e+00  
1554   -3.81e+00  5.14e-02   1.00e+00  
1555   -3.81e+00  5.09e-02   1.00e+00  
1556   -3.81e+00  5.04e-02   1.00e+00  
1557   -3.81e+00  4.99e-02   1.00e+00  
1558   -3.81e+00  4.94e-02   1.00e+00  
1559   -3.81e+00  4.88e-02   1.00e+00  
1560   -3.81e+00  4.82e-02   1.00e+00  
1561   -3.81e+00  4.76e-02   1.00e+00  
1562   -3.81e+00  4.69e-02   1.00e+00  
1563   -3.81e+00  4.62e-02   1.00e+00  
1564   -3.81e+00  4.54e-02   1.00e+00  
1565   -3.81e+00  4.46e-02   1.00e+00  
1566   -3.81e+00  4.37e-02   1.00e+00  
1567   -3.81e+00  4.28e-02   1.00e+00  
1568   -3.81e+00  4.19e-02   1.00e+00  
1569   -3.81e+00  4.10e-02   1.00e+00  
1570   -3.81e+00  4.01e-02   1.00e+00  
1571   -3.81e+00  3.92e-02   1.00e+00  
1572   -3.81e+00  3.83e-02   1.00e+00  
1573   -3.81e+00  3.74e-02   1.00e+00  
1574   -3.81e+00  3.66e-02   1.00e+00  
1575   -3.81e+00  3.58e-02   1.00e+00  
1576   -3.81e+00  3.51e-02   1.00e+00  
1577   -3.81e+00  3.44e-02   1.00e+00  
1578   -3.81e+00  3.38e-02   1.00e+00  
1579   -3.81e+00  3.33e-02   1.00e+00  
1580   -3.81e+00  3.28e-02   1.00e+00  
1581   -3.81e+00  3.23e-02   1.00e+00  
1582   -3.81e+00  3.18e-02   1.00e+00  
1583   -3.81e+00  3.14e-02   1.00e+00  
1584   -3.81e+00  3.10e-02   1.00e+00  
1585   -3.81e+00  3.06e-02   1.00e+00  
1586   -3.81e+00  3.01e-02   1.00e+00  
1587   -3.81e+00  2.97e-02   1.00e+00  
1588   -3.81e+00  2.92e-02   1.00e+00  
1589   -3.81e+00  2.87e-02   1.00e+00  
1590   -3.81e+00  2.82e-02   1.00e+00  
1591   -3.81e+00  2.76e-02   1.00e+00  
1592   -3.81e+00  2.70e-02   1.00e+00  
1593   -3.81e+00  2.63e-02   1.00e+00  
1594   -3.81e+00  2.56e-02   1.00e+00  
1595   -3.81e+00  2.49e-02   1.00e+00  
1596   -3.81e+00  2.43e-02   1.00e+00  
1597   -3.81e+00  2.36e-02   1.00e+00  
1598   -3.81e+00  2.29e-02   1.00e+00  
1599   -3.81e+00  2.22e-02   1.00e+00  
1600   -3.81e+00  2.16e-02   1.00e+00  
1601   -3.81e+00  2.10e-02   1.00e+00  
1602   -3.81e+00  2.04e-02   1.00e+00  
1603   -3.81e+00  1.99e-02   1.00e+00  
1604   -3.81e+00  1.95e-02   1.00e+00  
1605   -3.81e+00  1.91e-02   1.00e+00  
1606   -3.81e+00  1.87e-02   1.00e+00  
1607   -3.81e+00  1.83e-02   1.00e+00  
1608   -3.81e+00  1.80e-02   1.00e+00  
1609   -3.81e+00  1.77e-02   1.00e+00  
1610   -3.81e+00  1.73e-02   1.00e+00  
1611   -3.81e+00  1.70e-02   1.00e+00  
1612   -3.81e+00  1.67e-02   1.00e+00  
1613   -3.81e+00  1.63e-02   1.00e+00  
1614   -3.81e+00  1.59e-02   1.00e+00  
1615   -3.81e+00  1.55e-02   1.00e+00  
1616   -3.81e+00  1.50e-02   1.00e+00  
1617   -3.81e+00  1.46e-02   1.00e+00  
1618   -3.81e+00  1.41e-02   1.00e+00  
1619   -3.81e+00  1.36e-02   1.00e+00  
1620   -3.81e+00  1.31e-02   1.00e+00  
1621   -3.81e+00  1.27e-02   1.00e+00  
1622   -3.81e+00  1.22e-02   1.00e+00  
1623   -3.81e+00  1.18e-02   1.00e+00  
1624   -3.81e+00  1.14e-02   1.00e+00  
1625   -3.81e+00  1.11e-02   1.00e+00  
1626   -3.81e+00  1.08e-02   1.00e+00  
1627   -3.81e+00  1.05e-02   1.00e+00  
1628   -3.81e+00  1.03e-02   1.00e+00  
1629   -3.81e+00  1.01e-02   1.00e+00  
1630   -3.81e+00  9.86e-03   1.00e+00  
1631   -3.81e+00  9.67e-03   1.00e+00  
1632   -3.81e+00  9.47e-03   1.00e+00  
1633   -3.81e+00  9.27e-03   1.00e+00  
1634   -3.81e+00  9.05e-03   1.00e+00  
1635   -3.81e+00  8.83e-03   1.00e+00  
1636   -3.81e+00  8.59e-03   1.00e+00  
1637   -3.81e+00  8.34e-03   1.00e+00  
1638   -3.81e+00  8.08e-03   1.00e+00  
1639   -3.81e+00  7.83e-03   1.00e+00  
1640   -3.81e+00  7.58e-03   1.00e+00  
1641   -3.81e+00  7.34e-03   1.00e+00  
1642   -3.81e+00  7.11e-03   1.00e+00  
1643   -3.81e+00  6.91e-03   1.00e+00  
1644   -3.81e+00  6.74e-03   1.00e+00  
1645   -3.81e+00  6.59e-03   1.00e+00  
1646   -3.81e+00  6.48e-03   1.00e+00  
1647   -3.81e+00  6.39e-03   1.00e+00  
1648   -3.81e+00  6.32e-03   1.00e+00  
1649   -3.81e+00  6.27e-03   1.00e+00  
1650   -3.81e+00  6.24e-03   1.00e+00  
1651   -3.81e+00  6.21e-03   1.00e+00  
1652   -3.81e+00  6.19e-03   1.00e+00  
1653   -3.81e+00  6.17e-03   1.00e+00  
1654   -3.81e+00  6.15e-03   1.00e+00  
1655   -3.81e+00  6.12e-03   1.00e+00  
1656   -3.81e+00  6.09e-03   1.00e+00  
1657   -3.81e+00  6.06e-03   1.00e+00  
1658   -3.81e+00  6.02e-03   1.00e+00  
1659   -3.81e+00  5.99e-03   1.00e+00  
1660   -3.81e+00  5.96e-03   1.00e+00  
1661   -3.81e+00  5.93e-03   1.00e+00  
1662   -3.81e+00  5.90e-03   1.00e+00  
1663   -3.81e+00  5.89e-03   1.00e+00  
1664   -3.81e+00  5.89e-03   1.00e+00  
1665   -3.81e+00  5.89e-03   1.00e+00  
1666   -3.81e+00  5.91e-03   1.00e+00  
1667   -3.81e+00  5.94e-03   1.00e+00  
1668   -3.81e+00  5.99e-03   1.00e+00  
1669   -3.81e+00  6.04e-03   1.00e+00  
1670   -3.81e+00  6.10e-03   1.00e+00  
1671   -3.81e+00  6.17e-03   1.00e+00  
1672   -3.81e+00  6.25e-03   1.00e+00  
1673   -3.81e+00  6.33e-03   1.00e+00  
1674   -3.81e+00  6.41e-03   1.00e+00  
1675   -3.81e+00  6.48e-03   1.00e+00  
1676   -3.81e+00  6.56e-03   1.00e+00  
1677   -3.81e+00  6.63e-03   1.00e+00  
1678   -3.81e+00  6.70e-03   1.00e+00  
1679   -3.81e+00  6.76e-03   1.00e+00  
1680   -3.81e+00  6.81e-03   1.00e+00  
1681   -3.81e+00  6.85e-03   1.00e+00  
1682   -3.81e+00  6.88e-03   1.00e+00  
1683   -3.81e+00  6.90e-03   1.00e+00  
1684   -3.81e+00  6.90e-03   1.00e+00  
1685   -3.81e+00  6.90e-03   1.00e+00  
1686   -3.81e+00  6.89e-03   1.00e+00  
1687   -3.81e+00  6.86e-03   1.00e+00  
1688   -3.81e+00  6.83e-03   1.00e+00  
1689   -3.81e+00  6.78e-03   1.00e+00  
1690   -3.81e+00  6.73e-03   1.00e+00  
1691   -3.81e+00  6.66e-03   1.00e+00  
1692   -3.81e+00  6.60e-03   1.00e+00  
1693   -3.81e+00  6.52e-03   1.00e+00  
1694   -3.81e+00  6.44e-03   1.00e+00  
1695   -3.81e+00  6.36e-03   1.00e+00  
1696   -3.81e+00  6.27e-03   1.00e+00  
1697   -3.81e+00  6.18e-03   1.00e+00  
1698   -3.81e+00  6.09e-03   1.00e+00  
1699   -3.81e+00  6.01e-03   1.00e+00  
1700   -3.81e+00  5.92e-03   1.00e+00  
1701   -3.81e+00  5.84e-03   1.00e+00  
1702   -3.81e+00  5.77e-03   1.00e+00  
1703   -3.81e+00  5.69e-03   1.00e+00  
1704   -3.81e+00  5.63e-03   1.00e+00  
1705   -3.81e+00  5.57e-03   1.00e+00  
1706   -3.81e+00  5.51e-03   1.00e+00  
1707   -3.81e+00  5.45e-03   1.00e+00  
1708   -3.81e+00  5.41e-03   1.00e+00  
1709   -3.81e+00  5.36e-03   1.00e+00  
1710   -3.81e+00  5.32e-03   1.00e+00  
1711   -3.81e+00  5.28e-03   1.00e+00  
1712   -3.81e+00  5.24e-03   1.00e+00  
1713   -3.81e+00  5.20e-03   1.00e+00  
1714   -3.81e+00  5.16e-03   1.00e+00  
1715   -3.81e+00  5.12e-03   1.00e+00  
1716   -3.81e+00  5.08e-03   1.00e+00  
1717   -3.81e+00  5.03e-03   1.00e+00  
1718   -3.81e+00  4.98e-03   1.00e+00  
1719   -3.81e+00  4.92e-03   1.00e+00  
1720   -3.81e+00  4.86e-03   1.00e+00  
1721   -3.81e+00  4.80e-03   1.00e+00  
1722   -3.81e+00  4.73e-03   1.00e+00  
1723   -3.81e+00  4.66e-03   1.00e+00  
1724   -3.81e+00  4.58e-03   1.00e+00  
1725   -3.81e+00  4.50e-03   1.00e+00  
1726   -3.81e+00  4.41e-03   1.00e+00  
1727   -3.81e+00  4.33e-03   1.00e+00  
1728   -3.81e+00  4.24e-03   1.00e+00  
1729   -3.81e+00  4.15e-03   1.00e+00  
1730   -3.81e+00  4.06e-03   1.00e+00  
1731   -3.81e+00  3.98e-03   1.00e+00  
1732   -3.81e+00  3.89e-03   1.00e+00  
1733   -3.81e+00  3.81e-03   1.00e+00  
1734   -3.81e+00  3.74e-03   1.00e+00  
1735   -3.81e+00  3.67e-03   1.00e+00  
1736   -3.81e+00  3.60e-03   1.00e+00  
1737   -3.81e+00  3.54e-03   1.00e+00  
1738   -3.81e+00  3.49e-03   1.00e+00  
1739   -3.81e+00  3.44e-03   1.00e+00  
1740   -3.81e+00  3.40e-03   1.00e+00  
1741   -3.81e+00  3.36e-03   1.00e+00  
1742   -3.81e+00  3.32e-03   1.00e+00  
1743   -3.81e+00  3.29e-03   1.00e+00  
1744   -3.81e+00  3.25e-03   1.00e+00  
1745   -3.81e+00  3.22e-03   1.00e+00  
1746   -3.81e+00  3.19e-03   1.00e+00  
1747   -3.81e+00  3.15e-03   1.00e+00  
1748   -3.81e+00  3.12e-03   1.00e+00  
1749   -3.81e+00  3.08e-03   1.00e+00  
1750   -3.81e+00  3.03e-03   1.00e+00  
1751   -3.81e+00  2.98e-03   1.00e+00  
1752   -3.81e+00  2.93e-03   1.00e+00  
1753   -3.81e+00  2.87e-03   1.00e+00  
1754   -3.81e+00  2.81e-03   1.00e+00  
Terminated at iteration=1755 as |gradf|=2.75e-03 < threshold=2.81e-03.
Optimized objective function value: -3.81e+00; |gradf|: 2.75e-03. Computing time: 13.073 s.