Iter   f          |gradf|    alpha     
-------------------------------------
1      8.96e+06   1.11e+05   1.95e-03  
2      2.92e+06   6.88e+04   9.79e-04  
3      2.83e+05   1.32e+04   1.11e-03  
4      1.49e+05   6.79e+03   1.56e-03  
5      9.00e+04   4.59e+03   2.55e-03  
6      4.79e+04   2.78e+03   3.99e-03  
7      2.48e+04   1.71e+03   6.00e-03  
8      1.58e+04   2.56e+03   1.54e-03  
9      1.18e+04   1.28e+03   1.24e-03  
10     1.04e+04   8.39e+02   1.67e-03  
11     9.31e+03   7.64e+02   3.09e-03  
12     7.68e+03   6.90e+02   5.57e-03  
13     6.03e+03   1.10e+03   1.73e-03  
14     5.33e+03   8.33e+02   1.14e-03  
15     4.84e+03   4.73e+02   1.42e-03  
16     4.53e+03   4.46e+02   2.73e-03  
17     4.02e+03   4.12e+02   5.19e-03  
18     3.24e+03   4.15e+02   4.57e-03  
19     3.01e+03   8.47e+02   1.37e-03  
20     2.60e+03   4.07e+02   1.13e-03  
21     2.46e+03   2.93e+02   1.67e-03  
22     2.32e+03   2.81e+02   3.24e-03  
23     2.08e+03   2.64e+02   6.18e-03  
24     1.71e+03   3.27e+02   2.61e-03  
25     1.63e+03   4.29e+02   1.66e-03  
26     1.51e+03   3.17e+02   1.26e-03  
27     1.43e+03   2.12e+02   1.61e-03  
28     1.36e+03   2.00e+02   2.97e-03  
29     1.25e+03   1.99e+02   5.51e-03  
30     1.12e+03   3.54e+02   1.71e-03  
31     1.04e+03   2.70e+02   1.16e-03  
32     9.90e+02   1.63e+02   1.46e-03  
33     9.53e+02   1.56e+02   2.80e-03  
34     8.87e+02   1.51e+02   5.40e-03  
35     7.80e+02   1.79e+02   2.36e-03  
36     7.43e+02   2.04e+02   2.31e-03  
37     7.13e+02   2.39e+02   1.46e-03  
38     6.73e+02   1.53e+02   1.38e-03  
39     6.49e+02   1.25e+02   2.08e-03  
40     6.19e+02   1.22e+02   3.78e-03  
41     5.74e+02   1.48e+02   3.07e-03  
42     5.53e+02   2.29e+02   1.89e-03  
43     5.27e+02   2.05e+02   9.76e-04  
44     5.01e+02   1.01e+02   1.24e-03  
45     4.89e+02   9.94e+01   2.45e-03  
46     4.65e+02   9.60e+01   4.82e-03  
47     4.22e+02   9.00e+01   9.31e-03  
48     3.53e+02   9.64e+01   4.25e-03  
49     3.42e+02   1.93e+02   1.22e-03  
50     3.20e+02   8.26e+01   1.18e-03  
51     3.13e+02   7.29e+01   2.07e-03  
52     3.02e+02   7.12e+01   4.05e-03  
53     2.82e+02   7.06e+01   7.76e-03  
54     2.58e+02   1.51e+02   1.23e-03  
55     2.44e+02   6.82e+01   1.21e-03  
56     2.39e+02   6.03e+01   2.10e-03  
57     2.32e+02   5.91e+01   4.11e-03  
58     2.18e+02   5.98e+01   7.83e-03  
59     2.04e+02   1.50e+02   1.96e-03  
60     1.98e+02   1.42e+02   5.56e-04  
61     1.89e+02   7.79e+01   8.44e-04  
62     1.86e+02   5.09e+01   1.27e-03  
63     1.82e+02   4.95e+01   2.48e-03  
64     1.76e+02   4.84e+01   4.88e-03  
65     1.65e+02   4.82e+01   9.39e-03  
66     1.53e+02   1.27e+02   1.29e-03  
67     1.44e+02   5.37e+01   1.11e-03  
68     1.42e+02   4.15e+01   1.73e-03  
69     1.39e+02   4.08e+01   3.41e-03  
70     1.34e+02   4.00e+01   6.67e-03  
71     1.24e+02   4.98e+01   3.01e-03  
72     1.21e+02   7.52e+01   2.04e-03  
73     1.19e+02   7.67e+01   9.06e-04  
74     1.15e+02   3.63e+01   1.17e-03  
75     1.14e+02   3.54e+01   2.29e-03  
76     1.11e+02   3.48e+01   4.53e-03  
77     1.06e+02   3.39e+01   8.88e-03  
78     9.67e+01   5.02e+01   1.93e-03  
79     9.47e+01   4.77e+01   1.59e-03  
80     9.28e+01   3.72e+01   1.72e-03  
81     9.10e+01   3.37e+01   2.48e-03  
82     8.89e+01   3.69e+01   3.72e-03  
83     8.72e+01   6.58e+01   1.27e-03  
84     8.45e+01   3.28e+01   1.24e-03  
85     8.34e+01   2.88e+01   2.13e-03  
86     8.16e+01   2.84e+01   4.15e-03  
87     7.85e+01   3.03e+01   7.82e-03  
88     7.66e+01   9.21e+01   2.02e-03  
89     7.54e+01   9.33e+01   2.92e-04  
90     7.32e+01   6.86e+01   5.06e-04  
91     7.13e+01   4.06e+01   7.93e-04  
92     7.03e+01   2.63e+01   1.21e-03  
93     6.95e+01   2.53e+01   2.31e-03  
94     6.81e+01   2.49e+01   4.57e-03  
95     6.53e+01   2.50e+01   8.92e-03  
96     6.14e+01   5.37e+01   1.57e-03  
97     5.97e+01   3.56e+01   1.13e-03  
98     5.88e+01   2.28e+01   1.50e-03  
99     5.80e+01   2.25e+01   2.94e-03  
100    5.66e+01   2.23e+01   5.79e-03  
101    5.39e+01   2.64e+01   5.34e-03  
102    5.37e+01   7.05e+01   6.71e-04  
103    5.14e+01   3.04e+01   9.32e-04  
104    5.07e+01   2.06e+01   1.40e-03  
105    5.01e+01   2.04e+01   2.77e-03  
106    4.90e+01   2.01e+01   5.49e-03  
107    4.68e+01   2.01e+01   1.07e-02  
108    4.40e+01   5.09e+01   1.76e-03  
109    4.29e+01   4.03e+01   8.35e-04  
110    4.20e+01   1.92e+01   1.12e-03  
111    4.16e+01   1.81e+01   2.11e-03  
112    4.09e+01   1.80e+01   4.19e-03  
113    3.96e+01   1.77e+01   8.26e-03  
114    3.72e+01   2.41e+01   3.74e-03  
115    3.71e+01   4.98e+01   3.53e-04  
116    3.64e+01   3.47e+01   5.96e-04  
117    3.58e+01   2.07e+01   9.19e-04  
118    3.55e+01   1.65e+01   1.53e-03  
119    3.51e+01   1.64e+01   3.05e-03  
120    3.43e+01   1.62e+01   6.04e-03  
121    3.27e+01   1.67e+01   1.17e-02  
122    3.17e+01   6.24e+01   1.77e-03  
123    3.06e+01   4.87e+01   5.92e-04  
124    2.95e+01   2.41e+01   8.67e-04  
125    2.92e+01   1.49e+01   1.26e-03  
126    2.89e+01   1.46e+01   2.47e-03  
127    2.84e+01   1.45e+01   4.91e-03  
128    2.74e+01   1.47e+01   9.60e-03  
129    2.60e+01   3.55e+01   1.57e-03  
130    2.54e+01   2.29e+01   1.04e-03  
131    2.50e+01   1.35e+01   1.38e-03  
132    2.48e+01   1.34e+01   2.74e-03  
133    2.43e+01   1.32e+01   5.45e-03  
134    2.33e+01   1.31e+01   1.07e-02  
135    2.17e+01   2.32e+01   2.29e-03  
136    2.15e+01   2.79e+01   8.50e-04  
137    2.11e+01   1.28e+01   1.12e-03  
138    2.09e+01   1.22e+01   2.12e-03  
139    2.06e+01   1.21e+01   4.22e-03  
140    2.00e+01   1.20e+01   8.35e-03  
141    1.89e+01   1.63e+01   3.81e-03  
142    1.88e+01   3.43e+01   3.56e-04  
143    1.85e+01   2.37e+01   6.00e-04  
144    1.82e+01   1.41e+01   9.24e-04  
145    1.81e+01   1.13e+01   1.54e-03  
146    1.79e+01   1.12e+01   3.07e-03  
147    1.75e+01   1.11e+01   6.10e-03  
148    1.67e+01   1.15e+01   1.19e-02  
149    1.62e+01   4.25e+01   2.02e-03  
150    1.60e+01   4.27e+01   2.28e-04  
151    1.56e+01   3.37e+01   4.07e-04  
152    1.53e+01   2.17e+01   6.64e-04  
153    1.50e+01   1.21e+01   9.89e-04  
154    1.49e+01   1.03e+01   1.70e-03  
155    1.47e+01   1.02e+01   3.39e-03  
156    1.44e+01   1.01e+01   6.74e-03  
157    1.37e+01   9.90e+00   1.33e-02  
158    1.25e+01   1.49e+01   3.05e-03  
159    1.24e+01   2.54e+01   4.95e-04  
160    1.22e+01   1.52e+01   7.79e-04  
161    1.21e+01   9.66e+00   1.18e-03  
162    1.19e+01   9.25e+00   2.25e-03  
163    1.18e+01   9.19e+00   4.46e-03  
164    1.14e+01   9.26e+00   8.79e-03  
165    1.08e+01   1.78e+01   1.72e-03  
166    1.06e+01   1.41e+01   1.21e-03  
167    1.05e+01   8.99e+00   1.52e-03  
168    1.03e+01   8.74e+00   2.90e-03  
169    1.01e+01   8.85e+00   5.62e-03  
170    9.76e+00   1.31e+01   2.31e-03  
171    9.63e+00   1.55e+01   1.50e-03  
172    9.46e+00   1.05e+01   1.41e-03  
173    9.35e+00   8.70e+00   2.08e-03  
174    9.21e+00   8.70e+00   3.75e-03  
175    8.98e+00   1.12e+01   3.01e-03  
176    8.87e+00   1.73e+01   1.78e-03  
177    8.70e+00   1.42e+01   1.09e-03  
178    8.56e+00   8.07e+00   1.38e-03  
179    8.48e+00   7.97e+00   2.71e-03  
180    8.31e+00   7.93e+00   5.38e-03  
181    7.98e+00   8.29e+00   1.05e-02  
182    7.73e+00   2.84e+01   1.82e-03  
183    7.50e+00   2.35e+01   5.70e-04  
184    7.26e+00   1.22e+01   8.49e-04  
185    7.17e+00   7.60e+00   1.25e-03  
186    7.10e+00   7.43e+00   2.43e-03  
187    6.96e+00   7.39e+00   4.83e-03  
188    6.71e+00   7.53e+00   9.48e-03  
189    6.35e+00   1.81e+01   1.58e-03  
190    6.18e+00   1.18e+01   1.06e-03  
191    6.08e+00   7.03e+00   1.40e-03  
192    6.01e+00   6.99e+00   2.78e-03  
193    5.88e+00   6.94e+00   5.53e-03  
194    5.61e+00   6.99e+00   1.09e-02  
195    5.23e+00   1.65e+01   1.97e-03  
196    5.13e+00   1.60e+01   6.92e-04  
197    5.01e+00   7.97e+00   9.87e-04  
198    4.96e+00   6.54e+00   1.66e-03  
199    4.88e+00   6.51e+00   3.31e-03  
200    4.75e+00   6.45e+00   6.59e-03  
201    4.47e+00   6.36e+00   1.30e-02  
202    3.99e+00   9.72e+00   2.99e-03  
203    3.96e+00   1.62e+01   5.73e-04  
204    3.85e+00   8.83e+00   8.64e-04  
205    3.80e+00   6.10e+00   1.33e-03  
206    3.75e+00   6.02e+00   2.62e-03  
207    3.65e+00   5.98e+00   5.21e-03  
208    3.47e+00   6.20e+00   1.02e-02  
209    3.29e+00   1.89e+01   1.21e-03  
210    3.09e+00   6.77e+00   1.10e-03  
211    3.05e+00   5.70e+00   1.84e-03  
212    2.99e+00   5.66e+00   3.66e-03  
213    2.87e+00   5.65e+00   7.26e-03  
214    2.66e+00   7.14e+00   3.37e-03  
215    2.60e+00   1.21e+01   2.10e-03  
216    2.55e+00   1.30e+01   6.98e-04  
217    2.47e+00   6.49e+00   9.95e-04  
218    2.43e+00   5.39e+00   1.69e-03  
219    2.38e+00   5.37e+00   3.37e-03  
220    2.29e+00   5.32e+00   6.71e-03  
221    2.10e+00   5.24e+00   1.33e-02  
222    1.75e+00   6.13e+00   3.20e-03  
223    1.69e+00   9.11e+00   1.55e-03  
224    1.63e+00   6.48e+00   1.43e-03  
225    1.59e+00   5.27e+00   2.03e-03  
226    1.54e+00   5.26e+00   3.60e-03  
227    1.46e+00   6.72e+00   2.84e-03  
228    1.42e+00   9.73e+00   1.90e-03  
229    1.36e+00   8.97e+00   1.10e-03  
230    1.31e+00   4.88e+00   1.35e-03  
231    1.28e+00   4.82e+00   2.65e-03  
232    1.22e+00   4.80e+00   5.26e-03  
233    1.10e+00   5.01e+00   1.03e-02  
234    9.93e-01   1.62e+01   2.12e-03  
235    9.76e-01   1.78e+01   1.28e-04  
236    9.38e-01   1.57e+01   2.41e-04  
237    8.85e-01   1.23e+01   4.30e-04  
238    8.32e-01   7.96e+00   7.01e-04  
239    7.98e-01   4.96e+00   1.07e-03  
240    7.74e-01   4.55e+00   1.96e-03  
241    7.34e-01   4.52e+00   3.91e-03  
242    6.54e-01   4.49e+00   7.78e-03  
243    5.03e-01   5.06e+00   7.50e-03  
244    4.88e-01   1.68e+01   1.16e-03  
245    3.38e-01   4.94e+00   1.07e-03  
246    3.15e-01   4.29e+00   1.86e-03  
247    2.81e-01   4.27e+00   3.71e-03  
248    2.14e-01   4.25e+00   7.37e-03  
249    8.58e-02   4.75e+00   7.10e-03  
250    5.91e-02   1.45e+01   1.19e-03  
251    -5.51e-02  4.79e+00   1.08e-03  
252    -7.62e-02  4.07e+00   1.84e-03  
253    -1.06e-01  4.05e+00   3.66e-03  
254    -1.66e-01  4.03e+00   7.27e-03  
255    -2.78e-01  4.77e+00   3.46e-03  
256    -3.14e-01  7.62e+00   1.56e-03  
257    -3.53e-01  5.34e+00   1.33e-03  
258    -3.79e-01  4.06e+00   1.83e-03  
259    -4.07e-01  3.99e+00   3.37e-03  
260    -4.54e-01  4.48e+00   6.04e-03  
261    -4.78e-01  1.22e+01   1.16e-03  
262    -5.60e-01  4.20e+00   1.11e-03  
263    -5.78e-01  3.76e+00   1.97e-03  
264    -6.05e-01  3.75e+00   3.93e-03  
265    -6.60e-01  3.75e+00   7.79e-03  
266    -7.59e-01  5.16e+00   3.54e-03  
267    -7.70e-01  9.93e+00   7.89e-04  
268    -8.21e-01  4.11e+00   1.04e-03  
269    -8.37e-01  3.59e+00   1.83e-03  
270    -8.60e-01  3.58e+00   3.65e-03  
271    -9.07e-01  3.55e+00   7.26e-03  
272    -9.97e-01  3.61e+00   1.43e-02  
273    -1.09e+00  1.30e+01   1.77e-03  
274    -1.14e+00  1.01e+01   6.30e-04  
275    -1.19e+00  4.90e+00   9.08e-04  
276    -1.21e+00  3.37e+00   1.38e-03  
277    -1.22e+00  3.34e+00   2.73e-03  
278    -1.25e+00  3.32e+00   5.44e-03  
279    -1.31e+00  3.42e+00   1.07e-02  
280    -1.38e+00  9.91e+00   1.49e-03  
281    -1.43e+00  5.54e+00   9.99e-04  
282    -1.45e+00  3.18e+00   1.33e-03  
283    -1.46e+00  3.17e+00   2.66e-03  
284    -1.49e+00  3.15e+00   5.30e-03  
285    -1.54e+00  3.11e+00   1.05e-02  
286    -1.64e+00  3.08e+00   2.08e-02  
287    -1.78e+00  1.06e+01   1.78e-03  
288    -1.81e+00  8.39e+00   6.41e-04  
289    -1.85e+00  4.05e+00   9.21e-04  
290    -1.86e+00  2.88e+00   1.42e-03  
291    -1.87e+00  2.87e+00   2.83e-03  
292    -1.89e+00  2.85e+00   5.63e-03  
293    -1.94e+00  2.93e+00   1.11e-02  
294    -1.99e+00  8.70e+00   1.53e-03  
295    -2.03e+00  5.10e+00   9.62e-04  
296    -2.04e+00  2.73e+00   1.27e-03  
297    -2.05e+00  2.72e+00   2.52e-03  
298    -2.07e+00  2.71e+00   5.03e-03  
299    -2.11e+00  2.69e+00   9.98e-03  
300    -2.17e+00  3.68e+00   2.32e-03  
301    -2.19e+00  4.29e+00   1.98e-03  
302    -2.20e+00  4.19e+00   1.49e-03  
303    -2.22e+00  3.04e+00   1.61e-03  
304    -2.23e+00  2.75e+00   2.50e-03  
305    -2.24e+00  2.94e+00   4.21e-03  
306    -2.26e+00  5.28e+00   2.05e-03  
307    -2.27e+00  5.43e+00   8.83e-04  
308    -2.29e+00  2.59e+00   1.16e-03  
309    -2.30e+00  2.51e+00   2.24e-03  
310    -2.31e+00  2.50e+00   4.47e-03  
311    -2.34e+00  2.51e+00   8.86e-03  
312    -2.39e+00  3.82e+00   1.97e-03  
313    -2.40e+00  3.73e+00   1.63e-03  
314    -2.41e+00  3.00e+00   1.72e-03  
315    -2.42e+00  2.72e+00   2.40e-03  
316    -2.44e+00  2.97e+00   3.52e-03  
317    -2.45e+00  5.03e+00   1.32e-03  
318    -2.47e+00  2.75e+00   1.29e-03  
319    -2.47e+00  2.39e+00   2.14e-03  
320    -2.49e+00  2.39e+00   4.14e-03  
321    -2.51e+00  2.72e+00   3.82e-03  
322    -2.52e+00  4.59e+00   1.85e-03  
323    -2.53e+00  4.04e+00   1.16e-03  
324    -2.54e+00  2.34e+00   1.41e-03  
325    -2.55e+00  2.29e+00   2.73e-03  
326    -2.57e+00  2.30e+00   5.38e-03  
327    -2.59e+00  2.70e+00   5.03e-03  
328    -2.60e+00  6.43e+00   2.19e-03  
329    -2.60e+00  7.46e+00   1.73e-04  
330    -2.61e+00  6.30e+00   3.19e-04  
331    -2.62e+00  4.59e+00   5.49e-04  
332    -2.63e+00  2.86e+00   8.67e-04  
333    -2.64e+00  2.21e+00   1.43e-03  
334    -2.65e+00  2.20e+00   2.83e-03  
335    -2.66e+00  2.19e+00   5.62e-03  
336    -2.69e+00  2.33e+00   1.09e-02  
337    -2.70e+00  8.93e+00   1.17e-03  
338    -2.74e+00  2.53e+00   1.05e-03  
339    -2.75e+00  2.10e+00   1.76e-03  
340    -2.75e+00  2.09e+00   3.52e-03  
341    -2.77e+00  2.07e+00   7.00e-03  
342    -2.80e+00  2.18e+00   1.37e-02  
343    -2.81e+00  9.93e+00   1.88e-03  
344    -2.83e+00  8.74e+00   3.75e-04  
345    -2.85e+00  5.69e+00   6.17e-04  
346    -2.86e+00  2.85e+00   9.00e-04  
347    -2.87e+00  1.98e+00   1.38e-03  
348    -2.87e+00  1.96e+00   2.73e-03  
349    -2.89e+00  1.95e+00   5.43e-03  
350    -2.91e+00  2.02e+00   1.07e-02  
351    -2.93e+00  6.08e+00   1.38e-03  
352    -2.95e+00  2.86e+00   1.04e-03  
353    -2.95e+00  1.87e+00   1.47e-03  
354    -2.96e+00  1.87e+00   2.93e-03  
355    -2.97e+00  1.86e+00   5.83e-03  
356    -2.99e+00  1.87e+00   1.15e-02  
357    -3.02e+00  4.29e+00   2.20e-03  
358    -3.02e+00  4.95e+00   4.24e-04  
359    -3.03e+00  3.21e+00   6.92e-04  
360    -3.04e+00  1.96e+00   1.05e-03  
361    -3.04e+00  1.77e+00   1.91e-03  
362    -3.05e+00  1.76e+00   3.80e-03  
363    -3.06e+00  1.75e+00   7.57e-03  
364    -3.08e+00  1.85e+00   1.48e-02  
365    -3.08e+00  9.31e+00   8.39e-04  
366    -3.13e+00  2.25e+00   9.99e-04  
367    -3.13e+00  1.66e+00   1.55e-03  
368    -3.13e+00  1.66e+00   3.09e-03  
369    -3.14e+00  1.65e+00   6.17e-03  
370    -3.16e+00  1.63e+00   1.23e-02  
371    -3.19e+00  1.66e+00   1.20e-02  
372    -3.21e+00  5.54e+00   1.43e-03  
373    -3.22e+00  2.74e+00   9.81e-04  
374    -3.23e+00  1.54e+00   1.31e-03  
375    -3.23e+00  1.53e+00   2.61e-03  
376    -3.24e+00  1.52e+00   5.20e-03  
377    -3.25e+00  1.51e+00   1.03e-02  
378    -3.27e+00  1.78e+00   4.98e-03  
379    -3.27e+00  4.19e+00   2.24e-03  
380    -3.28e+00  5.02e+00   1.01e-04  
381    -3.28e+00  4.56e+00   1.92e-04  
382    -3.28e+00  3.79e+00   3.51e-04  
383    -3.29e+00  2.70e+00   5.98e-04  
384    -3.29e+00  1.72e+00   9.43e-04  
385    -3.29e+00  1.45e+00   1.63e-03  
386    -3.29e+00  1.44e+00   3.25e-03  
387    -3.30e+00  1.43e+00   6.47e-03  
388    -3.31e+00  1.48e+00   1.27e-02  
389    -3.33e+00  5.21e+00   1.43e-03  
390    -3.34e+00  2.53e+00   9.67e-04  
391    -3.34e+00  1.37e+00   1.28e-03  
392    -3.35e+00  1.37e+00   2.55e-03  
393    -3.35e+00  1.36e+00   5.08e-03  
394    -3.36e+00  1.35e+00   1.01e-02  
395    -3.38e+00  1.79e+00   2.37e-03  
396    -3.38e+00  2.10e+00   2.18e-03  
397    -3.38e+00  2.32e+00   1.47e-03  
398    -3.39e+00  1.57e+00   1.47e-03  
399    -3.39e+00  1.36e+00   2.26e-03  
400    -3.40e+00  1.39e+00   4.06e-03  
401    -3.40e+00  2.00e+00   2.96e-03  
402    -3.40e+00  3.24e+00   7.77e-04  
403    -3.41e+00  1.44e+00   1.05e-03  
404    -3.41e+00  1.27e+00   1.85e-03  
405    -3.41e+00  1.26e+00   3.69e-03  
406    -3.42e+00  1.25e+00   7.35e-03  
407    -3.43e+00  1.29e+00   1.45e-02  
408    -3.44e+00  5.32e+00   1.23e-03  
409    -3.45e+00  1.68e+00   1.03e-03  
410    -3.45e+00  1.19e+00   1.54e-03  
411    -3.46e+00  1.19e+00   3.07e-03  
412    -3.46e+00  1.18e+00   6.12e-03  
413    -3.47e+00  1.18e+00   1.21e-02  
414    -3.48e+00  2.13e+00   2.65e-03  
415    -3.49e+00  3.16e+00   3.00e-04  
416    -3.49e+00  2.36e+00   5.22e-04  
417    -3.49e+00  1.50e+00   8.35e-04  
418    -3.49e+00  1.14e+00   1.37e-03  
419    -3.49e+00  1.13e+00   2.69e-03  
420    -3.50e+00  1.12e+00   5.34e-03  
421    -3.50e+00  1.19e+00   1.04e-02  
422    -3.51e+00  4.23e+00   1.51e-03  
423    -3.52e+00  2.33e+00   8.97e-04  
424    -3.52e+00  1.10e+00   1.16e-03  
425    -3.52e+00  1.08e+00   2.27e-03  
426    -3.52e+00  1.07e+00   4.53e-03  
427    -3.53e+00  1.07e+00   8.98e-03  
428    -3.54e+00  1.62e+00   2.01e-03  
429    -3.54e+00  1.62e+00   1.66e-03  
430    -3.54e+00  1.31e+00   1.70e-03  
431    -3.54e+00  1.17e+00   2.30e-03  
432    -3.55e+00  1.26e+00   3.37e-03  
433    -3.55e+00  1.99e+00   1.46e-03  
434    -3.55e+00  1.28e+00   1.35e-03  
435    -3.55e+00  1.05e+00   2.02e-03  
436    -3.55e+00  1.04e+00   3.77e-03  
437    -3.56e+00  1.25e+00   3.28e-03  
438    -3.56e+00  1.96e+00   1.36e-03  
439    -3.56e+00  1.16e+00   1.35e-03  
440    -3.56e+00  1.01e+00   2.21e-03  
441    -3.57e+00  1.01e+00   4.21e-03  
442    -3.57e+00  1.26e+00   3.66e-03  
443    -3.57e+00  2.32e+00   1.95e-03  
444    -3.57e+00  2.21e+00   7.67e-04  
445    -3.58e+00  1.07e+00   1.06e-03  
446    -3.58e+00  9.61e-01   1.90e-03  
447    -3.58e+00  9.57e-01   3.79e-03  
448    -3.58e+00  9.52e-01   7.54e-03  
449    -3.59e+00  1.02e+00   7.36e-03  
450    -3.59e+00  2.76e+00   1.47e-03  
451    -3.60e+00  1.51e+00   1.03e-03  
452    -3.60e+00  9.17e-01   1.39e-03  
453    -3.60e+00  9.14e-01   2.78e-03  
454    -3.60e+00  9.09e-01   5.54e-03  
455    -3.61e+00  9.03e-01   1.10e-02  
456    -3.61e+00  1.25e+00   2.57e-03  
457    -3.62e+00  1.63e+00   1.83e-03  
458    -3.62e+00  1.43e+00   1.28e-03  
459    -3.62e+00  9.23e-01   1.53e-03  
460    -3.62e+00  8.82e-01   2.79e-03  
461    -3.62e+00  9.09e-01   5.31e-03  
462    -3.63e+00  1.51e+00   1.92e-03  
463    -3.63e+00  1.42e+00   1.34e-03  
464    -3.63e+00  9.26e-01   1.53e-03  
465    -3.63e+00  8.66e-01   2.67e-03  
466    -3.63e+00  9.00e-01   4.96e-03  
467    -3.63e+00  1.52e+00   1.68e-03  
468    -3.64e+00  1.19e+00   1.39e-03  
469    -3.64e+00  8.88e-01   1.79e-03  
470    -3.64e+00  8.61e-01   3.14e-03  
471    -3.64e+00  9.79e-01   5.42e-03  
472    -3.64e+00  2.50e+00   1.98e-03  
473    -3.64e+00  2.42e+00   4.72e-04  
474    -3.65e+00  1.45e+00   7.47e-04  
475    -3.65e+00  8.62e-01   1.11e-03  
476    -3.65e+00  8.03e-01   2.06e-03  
477    -3.65e+00  8.00e-01   4.10e-03  
478    -3.65e+00  7.99e-01   8.14e-03  
479    -3.66e+00  1.07e+00   3.76e-03  
480    -3.66e+00  2.17e+00   8.45e-04  
481    -3.66e+00  8.37e-01   1.07e-03  
482    -3.66e+00  7.71e-01   1.97e-03  
483    -3.66e+00  7.68e-01   3.93e-03  
484    -3.66e+00  7.64e-01   7.81e-03  
485    -3.67e+00  8.47e-01   7.57e-03  
486    -3.67e+00  2.68e+00   1.35e-03  
487    -3.67e+00  1.16e+00   1.02e-03  
488    -3.67e+00  7.35e-01   1.42e-03  
489    -3.67e+00  7.33e-01   2.84e-03  
490    -3.68e+00  7.29e-01   5.66e-03  
491    -3.68e+00  7.22e-01   1.12e-02  
492    -3.68e+00  8.83e-01   5.39e-03  
493    -3.68e+00  2.43e+00   2.26e-04  
494    -3.69e+00  1.93e+00   4.05e-04  
495    -3.69e+00  1.28e+00   6.67e-04  
496    -3.69e+00  7.83e-01   1.02e-03  
497    -3.69e+00  6.94e-01   1.82e-03  
498    -3.69e+00  6.91e-01   3.64e-03  
499    -3.69e+00  6.86e-01   7.24e-03  
500    -3.69e+00  6.82e-01   1.44e-02  
501    -3.70e+00  1.31e+00   1.57e-03  
502    -3.70e+00  9.15e-01   1.30e-03  
503    -3.70e+00  6.81e-01   1.78e-03  
504    -3.70e+00  6.68e-01   3.31e-03  
505    -3.70e+00  7.30e-01   6.06e-03  
506    -3.70e+00  1.82e+00   2.09e-03  
507    -3.71e+00  1.96e+00   3.60e-04  
508    -3.71e+00  1.35e+00   6.05e-04  
509    -3.71e+00  7.91e-01   9.26e-04  
510    -3.71e+00  6.35e-01   1.55e-03  
511    -3.71e+00  6.32e-01   3.08e-03  
512    -3.71e+00  6.29e-01   6.14e-03  
513    -3.71e+00  6.55e-01   1.20e-02  
514    -3.71e+00  2.38e+00   1.14e-03  
515    -3.72e+00  6.80e-01   1.07e-03  
516    -3.72e+00  6.03e-01   1.90e-03  
517    -3.72e+00  6.01e-01   3.79e-03  
518    -3.72e+00  5.99e-01   7.53e-03  
519    -3.72e+00  6.72e-01   7.28e-03  
520    -3.72e+00  2.12e+00   2.02e-03  
521    -3.72e+00  2.15e+00   2.69e-04  
522    -3.72e+00  1.62e+00   4.71e-04  
523    -3.73e+00  9.90e-01   7.49e-04  
524    -3.73e+00  6.10e-01   1.13e-03  
525    -3.73e+00  5.74e-01   2.11e-03  
526    -3.73e+00  5.72e-01   4.21e-03  
527    -3.73e+00  5.74e-01   8.33e-03  
528    -3.73e+00  8.57e-01   1.86e-03  
529    -3.73e+00  7.84e-01   1.73e-03  
530    -3.73e+00  6.83e-01   1.97e-03  
531    -3.73e+00  6.73e-01   2.60e-03  
532    -3.73e+00  8.24e-01   2.98e-03  
533    -3.73e+00  1.33e+00   1.03e-03  
534    -3.73e+00  5.45e-01   1.18e-03  
535    -3.74e+00  5.43e-01   2.35e-03  
536    -3.74e+00  5.40e-01   4.69e-03  
537    -3.74e+00  5.36e-01   9.34e-03  
538    -3.74e+00  5.59e-01   9.18e-03  
539    -3.74e+00  1.63e+00   2.12e-03  
540    -3.74e+00  1.80e+00   2.07e-04  
541    -3.74e+00  1.46e+00   3.75e-04  
542    -3.74e+00  9.99e-01   6.27e-04  
543    -3.74e+00  6.05e-01   9.66e-04  
544    -3.74e+00  5.12e-01   1.67e-03  
545    -3.74e+00  5.10e-01   3.33e-03  
546    -3.74e+00  5.07e-01   6.63e-03  
547    -3.75e+00  5.11e-01   1.31e-02  
548    -3.75e+00  1.35e+00   1.18e-03  
549    -3.75e+00  5.32e-01   1.15e-03  
550    -3.75e+00  4.86e-01   2.09e-03  
551    -3.75e+00  4.85e-01   4.15e-03  
552    -3.75e+00  4.92e-01   8.17e-03  
553    -3.75e+00  9.14e-01   1.61e-03  
554    -3.75e+00  6.69e-01   1.32e-03  
555    -3.75e+00  4.93e-01   1.76e-03  
556    -3.75e+00  4.81e-01   3.22e-03  
557    -3.76e+00  5.29e-01   5.84e-03  
558    -3.76e+00  1.30e+00   1.93e-03  
559    -3.76e+00  1.21e+00   6.12e-04  
560    -3.76e+00  6.33e-01   9.03e-04  
561    -3.76e+00  4.58e-01   1.42e-03  
562    -3.76e+00  4.55e-01   2.81e-03  
563    -3.76e+00  4.54e-01   5.59e-03  
564    -3.76e+00  4.71e-01   1.10e-02  
565    -3.76e+00  1.53e+00   1.24e-03  
566    -3.76e+00  5.56e-01   1.07e-03  
567    -3.76e+00  4.37e-01   1.71e-03  
568    -3.76e+00  4.35e-01   3.40e-03  
569    -3.76e+00  4.33e-01   6.75e-03  
570    -3.76e+00  4.83e-01   6.52e-03  
571    -3.76e+00  1.32e+00   1.77e-03  
572    -3.77e+00  1.05e+00   7.31e-04  
573    -3.77e+00  4.93e-01   1.01e-03  
574    -3.77e+00  4.18e-01   1.74e-03  
575    -3.77e+00  4.16e-01   3.48e-03  
576    -3.77e+00  4.14e-01   6.93e-03  
577    -3.77e+00  4.09e-01   1.38e-02  
578    -3.77e+00  5.66e-01   3.25e-03  
579    -3.77e+00  9.86e-01   1.14e-03  
580    -3.77e+00  4.13e-01   1.19e-03  
581    -3.77e+00  3.94e-01   2.25e-03  
582    -3.77e+00  3.92e-01   4.47e-03  
583    -3.77e+00  4.01e-01   8.79e-03  
584    -3.77e+00  8.74e-01   1.57e-03  
585    -3.77e+00  5.82e-01   1.15e-03  
586    -3.77e+00  3.85e-01   1.54e-03  
587    -3.77e+00  3.80e-01   3.01e-03  
588    -3.77e+00  3.82e-01   5.93e-03  
589    -3.78e+00  5.07e-01   2.65e-03  
590    -3.78e+00  6.77e-01   2.05e-03  
591    -3.78e+00  6.99e-01   1.15e-03  
592    -3.78e+00  3.78e-01   1.35e-03  
593    -3.78e+00  3.68e-01   2.59e-03  
594    -3.78e+00  3.68e-01   5.12e-03  
595    -3.78e+00  4.13e-01   4.87e-03  
596    -3.78e+00  8.50e-01   2.08e-03  
597    -3.78e+00  8.98e-01   6.14e-04  
598    -3.78e+00  4.78e-01   9.11e-04  
599    -3.78e+00  3.56e-01   1.45e-03  
600    -3.78e+00  3.54e-01   2.88e-03  
601    -3.78e+00  3.53e-01   5.74e-03  
602    -3.78e+00  3.67e-01   1.13e-02  
603    -3.78e+00  1.23e+00   1.21e-03  
604    -3.78e+00  4.19e-01   1.07e-03  
605    -3.78e+00  3.40e-01   1.75e-03  
606    -3.78e+00  3.38e-01   3.48e-03  
607    -3.78e+00  3.37e-01   6.93e-03  
608    -3.78e+00  3.78e-01   6.68e-03  
609    -3.78e+00  1.08e+00   1.51e-03  
610    -3.78e+00  6.13e-01   9.56e-04  
611    -3.78e+00  3.27e-01   1.26e-03  
612    -3.78e+00  3.25e-01   2.50e-03  
613    -3.78e+00  3.23e-01   4.99e-03  
614    -3.78e+00  3.22e-01   9.92e-03  
615    -3.79e+00  4.54e-01   2.30e-03  
616    -3.79e+00  5.26e-01   1.84e-03  
617    -3.79e+00  4.73e-01   1.49e-03  
618    -3.79e+00  3.56e-01   1.73e-03  
619    -3.79e+00  3.34e-01   2.74e-03  
620    -3.79e+00  3.77e-01   4.42e-03  
621    -3.79e+00  8.01e-01   2.34e-03  
622    -3.79e+00  1.03e+00   8.82e-06  
623    -3.79e+00  1.03e+00   1.76e-05  
624    -3.79e+00  1.01e+00   3.49e-05  
625    -3.79e+00  9.78e-01   6.86e-05  
626    -3.79e+00  9.18e-01   1.33e-04  
627    -3.79e+00  8.10e-01   2.50e-04  
628    -3.79e+00  6.40e-01   4.47e-04  
629    -3.79e+00  4.36e-01   7.39e-04  
630    -3.79e+00  3.14e-01   1.20e-03  
631    -3.79e+00  3.03e-01   2.30e-03  
632    -3.79e+00  3.02e-01   4.57e-03  
633    -3.79e+00  3.07e-01   9.00e-03  
634    -3.79e+00  6.54e-01   1.66e-03  
635    -3.79e+00  4.81e-01   1.12e-03  
636    -3.79e+00  2.96e-01   1.45e-03  
637    -3.79e+00  2.92e-01   2.85e-03  
638    -3.79e+00  2.92e-01   5.64e-03  
639    -3.79e+00  3.38e-01   5.34e-03  
640    -3.79e+00  8.25e-01   1.32e-03  
641    -3.79e+00  3.76e-01   1.11e-03  
642    -3.79e+00  2.83e-01   1.68e-03  
643    -3.79e+00  2.82e-01   3.33e-03  
644    -3.79e+00  2.82e-01   6.60e-03  
645    -3.79e+00  3.56e-01   3.06e-03  
646    -3.79e+00  5.36e-01   2.39e-03  
647    -3.79e+00  6.95e-01   5.66e-04  
648    -3.79e+00  3.90e-01   8.61e-04  
649    -3.79e+00  2.75e-01   1.34e-03  
650    -3.79e+00  2.72e-01   2.65e-03  
651    -3.79e+00  2.71e-01   5.27e-03  
652    -3.79e+00  2.84e-01   1.03e-02  
653    -3.79e+00  9.06e-01   1.12e-03  
654    -3.79e+00  2.80e-01   1.09e-03  
655    -3.79e+00  2.62e-01   2.04e-03  
656    -3.79e+00  2.61e-01   4.07e-03  
657    -3.79e+00  2.60e-01   8.08e-03  
658    -3.79e+00  3.23e-01   3.82e-03  
659    -3.79e+00  6.13e-01   2.11e-03  
660    -3.79e+00  6.65e-01   5.36e-04  
661    -3.79e+00  3.81e-01   8.27e-04  
662    -3.79e+00  2.56e-01   1.27e-03  
663    -3.80e+00  2.51e-01   2.47e-03  
664    -3.80e+00  2.50e-01   4.91e-03  
665    -3.80e+00  2.58e-01   9.64e-03  
666    -3.80e+00  6.98e-01   1.39e-03  
667    -3.80e+00  3.49e-01   1.09e-03  
668    -3.80e+00  2.42e-01   1.56e-03  
669    -3.80e+00  2.41e-01   3.10e-03  
670    -3.80e+00  2.41e-01   6.16e-03  
671    -3.80e+00  2.68e-01   5.93e-03  
672    -3.80e+00  6.58e-01   2.07e-03  
673    -3.80e+00  6.93e-01   4.10e-04  
674    -3.80e+00  4.51e-01   6.71e-04  
675    -3.80e+00  2.65e-01   1.01e-03  
676    -3.80e+00  2.32e-01   1.79e-03  
677    -3.80e+00  2.31e-01   3.57e-03  
678    -3.80e+00  2.30e-01   7.12e-03  
679    -3.80e+00  2.27e-01   1.41e-02  
680    -3.80e+00  3.10e-01   3.35e-03  
681    -3.80e+00  5.54e-01   1.18e-03  
682    -3.80e+00  2.37e-01   1.19e-03  
683    -3.80e+00  2.19e-01   2.16e-03  
684    -3.80e+00  2.18e-01   4.29e-03  
685    -3.80e+00  2.25e-01   8.40e-03  
686    -3.80e+00  5.21e-01   1.36e-03  
687    -3.80e+00  2.73e-01   1.18e-03  
688    -3.80e+00  2.14e-01   1.81e-03  
689    -3.80e+00  2.12e-01   3.54e-03  
690    -3.80e+00  2.18e-01   6.89e-03  
691    -3.80e+00  4.18e-01   2.48e-03  
692    -3.80e+00  5.72e-01   3.30e-04  
693    -3.80e+00  4.13e-01   5.65e-04  
694    -3.80e+00  2.58e-01   8.90e-04  
695    -3.80e+00  2.06e-01   1.49e-03  
696    -3.80e+00  2.05e-01   2.96e-03  
697    -3.80e+00  2.04e-01   5.88e-03  
698    -3.80e+00  2.17e-01   1.15e-02  
699    -3.80e+00  8.68e-01   1.11e-03  
700    -3.80e+00  2.18e-01   1.05e-03  
701    -3.80e+00  1.96e-01   1.90e-03  
702    -3.80e+00  1.95e-01   3.78e-03  
703    -3.80e+00  1.94e-01   7.53e-03  
704    -3.80e+00  2.07e-01   7.37e-03  
705    -3.80e+00  5.30e-01   1.74e-03  
706    -3.80e+00  4.08e-01   8.46e-04  
707    -3.80e+00  1.96e-01   1.13e-03  
708    -3.80e+00  1.88e-01   2.15e-03  
709    -3.80e+00  1.87e-01   4.29e-03  
710    -3.80e+00  1.87e-01   8.50e-03  
711    -3.80e+00  2.72e-01   1.92e-03  
712    -3.80e+00  2.59e-01   1.82e-03  
713    -3.80e+00  2.36e-01   1.95e-03  
714    -3.80e+00  2.30e-01   2.35e-03  
715    -3.80e+00  2.63e-01   2.57e-03  
716    -3.80e+00  3.49e-01   1.62e-03  
717    -3.80e+00  2.57e-01   1.31e-03  
718    -3.80e+00  1.87e-01   1.73e-03  
719    -3.80e+00  1.82e-01   3.18e-03  
720    -3.80e+00  1.97e-01   5.83e-03  
721    -3.80e+00  4.61e-01   1.20e-03  
722    -3.80e+00  1.93e-01   1.17e-03  
723    -3.80e+00  1.74e-01   2.08e-03  
724    -3.80e+00  1.74e-01   4.13e-03  
725    -3.80e+00  1.78e-01   8.11e-03  
726    -3.80e+00  3.70e-01   1.46e-03  
727    -3.80e+00  2.25e-01   1.24e-03  
728    -3.80e+00  1.72e-01   1.80e-03  
729    -3.80e+00  1.70e-01   3.47e-03  
730    -3.80e+00  1.81e-01   6.59e-03  
731    -3.80e+00  4.20e-01   1.68e-03  
732    -3.80e+00  3.10e-01   9.72e-04  
733    -3.80e+00  1.64e-01   1.27e-03  
734    -3.80e+00  1.64e-01   2.52e-03  
735    -3.80e+00  1.63e-01   5.04e-03  
736    -3.80e+00  1.62e-01   1.00e-02  
737    -3.81e+00  1.94e-01   4.81e-03  
738    -3.81e+00  4.56e-01   1.85e-03  
739    -3.81e+00  3.96e-01   6.86e-04  
740    -3.81e+00  1.94e-01   9.75e-04  
741    -3.81e+00  1.56e-01   1.62e-03  
742    -3.81e+00  1.56e-01   3.23e-03  
743    -3.81e+00  1.55e-01   6.44e-03  
744    -3.81e+00  1.55e-01   1.28e-02  
745    -3.81e+00  3.03e-01   1.36e-03  
746    -3.81e+00  1.77e-01   1.32e-03  
747    -3.81e+00  1.52e-01   2.13e-03  
748    -3.81e+00  1.52e-01   4.08e-03  
749    -3.81e+00  1.81e-01   3.64e-03  
750    -3.81e+00  3.14e-01   1.39e-03  
751    -3.81e+00  1.81e-01   1.27e-03  
752    -3.81e+00  1.48e-01   1.97e-03  
753    -3.81e+00  1.48e-01   3.78e-03  
754    -3.81e+00  1.63e-01   7.04e-03  
755    -3.81e+00  4.85e-01   1.50e-03  
756    -3.81e+00  2.71e-01   9.45e-04  
757    -3.81e+00  1.42e-01   1.24e-03  
758    -3.81e+00  1.41e-01   2.47e-03  
759    -3.81e+00  1.41e-01   4.92e-03  
760    -3.81e+00  1.40e-01   9.78e-03  
761    -3.81e+00  2.08e-01   2.23e-03  
762    -3.81e+00  2.35e-01   1.65e-03  
763    -3.81e+00  1.83e-01   1.49e-03  
764    -3.81e+00  1.48e-01   1.98e-03  
765    -3.81e+00  1.48e-01   3.31e-03  
766    -3.81e+00  1.91e-01   2.42e-03  
767    -3.81e+00  2.35e-01   1.87e-03  
768    -3.81e+00  2.14e-01   1.38e-03  
769    -3.81e+00  1.47e-01   1.60e-03  
770    -3.81e+00  1.38e-01   2.72e-03  
771    -3.81e+00  1.47e-01   4.87e-03  
772    -3.81e+00  2.82e-01   1.28e-03  
773    -3.81e+00  1.48e-01   1.28e-03  
774    -3.81e+00  1.32e-01   2.19e-03  
775    -3.81e+00  1.32e-01   4.28e-03  
776    -3.81e+00  1.48e-01   8.00e-03  
777    -3.81e+00  5.27e-01   3.01e-04  
778    -3.81e+00  3.79e-01   5.17e-04  
779    -3.81e+00  2.14e-01   7.97e-04  
780    -3.81e+00  1.31e-01   1.18e-03  
781    -3.81e+00  1.26e-01   2.26e-03  
782    -3.81e+00  1.26e-01   4.50e-03  
783    -3.81e+00  1.28e-01   8.88e-03  
784    -3.81e+00  2.50e-01   1.74e-03  
785    -3.81e+00  2.02e-01   1.18e-03  
786    -3.81e+00  1.26e-01   1.48e-03  
787    -3.81e+00  1.23e-01   2.84e-03  
788    -3.81e+00  1.24e-01   5.56e-03  
789    -3.81e+00  1.68e-01   2.44e-03  
790    -3.81e+00  2.06e-01   1.98e-03  
791    -3.81e+00  2.02e-01   1.36e-03  
792    -3.81e+00  1.33e-01   1.51e-03  
793    -3.81e+00  1.22e-01   2.57e-03  
794    -3.81e+00  1.27e-01   4.72e-03  
795    -3.81e+00  2.12e-01   1.58e-03  
796    -3.81e+00  1.55e-01   1.43e-03  
797    -3.81e+00  1.24e-01   1.98e-03  
798    -3.81e+00  1.24e-01   3.47e-03  
799    -3.81e+00  1.56e-01   2.75e-03  
800    -3.81e+00  2.16e-01   2.09e-03  
801    -3.81e+00  2.29e-01   1.05e-03  
802    -3.81e+00  1.15e-01   1.27e-03  
803    -3.81e+00  1.14e-01   2.53e-03  
804    -3.81e+00  1.14e-01   5.05e-03  
805    -3.81e+00  1.14e-01   1.00e-02  
806    -3.81e+00  1.83e-01   2.23e-03  
807    -3.81e+00  2.10e-01   1.31e-03  
808    -3.81e+00  1.23e-01   1.38e-03  
809    -3.81e+00  1.11e-01   2.38e-03  
810    -3.81e+00  1.13e-01   4.55e-03  
811    -3.81e+00  1.47e-01   3.89e-03  
812    -3.81e+00  3.08e-01   8.17e-04  
813    -3.81e+00  1.20e-01   1.05e-03  
814    -3.81e+00  1.07e-01   1.88e-03  
815    -3.81e+00  1.07e-01   3.76e-03  
816    -3.81e+00  1.06e-01   7.48e-03  
817    -3.81e+00  1.12e-01   1.47e-02  
818    -3.81e+00  5.45e-01   1.30e-03  
819    -3.81e+00  1.89e-01   9.72e-04  
820    -3.81e+00  1.02e-01   1.27e-03  
821    -3.81e+00  1.02e-01   2.54e-03  
822    -3.81e+00  1.01e-01   5.07e-03  
823    -3.81e+00  1.01e-01   1.01e-02  
824    -3.81e+00  1.22e-01   4.84e-03  
825    -3.81e+00  2.95e-01   1.41e-03  
826    -3.81e+00  1.50e-01   1.05e-03  
827    -3.81e+00  9.74e-02   1.46e-03  
828    -3.81e+00  9.71e-02   2.91e-03  
829    -3.81e+00  9.67e-02   5.81e-03  
830    -3.81e+00  9.85e-02   1.15e-02  
831    -3.81e+00  2.64e-01   1.90e-03  
832    -3.81e+00  2.40e-01   6.51e-04  
833    -3.81e+00  1.21e-01   9.43e-04  
834    -3.81e+00  9.33e-02   1.52e-03  
835    -3.81e+00  9.30e-02   3.04e-03  
836    -3.81e+00  9.26e-02   6.06e-03  
837    -3.81e+00  9.47e-02   1.20e-02  
838    -3.81e+00  2.79e-01   1.80e-03  
839    -3.81e+00  2.28e-01   7.03e-04  
840    -3.81e+00  1.09e-01   9.88e-04  
841    -3.81e+00  8.92e-02   1.65e-03  
842    -3.81e+00  8.89e-02   3.30e-03  
843    -3.81e+00  8.84e-02   6.59e-03  
844    -3.81e+00  8.77e-02   1.31e-02  
845    -3.81e+00  1.20e-01   3.10e-03  
846    -3.81e+00  1.97e-01   1.45e-03  
847    -3.81e+00  1.16e-01   1.19e-03  
848    -3.81e+00  8.61e-02   1.72e-03  
849    -3.81e+00  8.52e-02   3.35e-03  
850    -3.81e+00  8.78e-02   6.49e-03  
851    -3.81e+00  1.63e-01   2.34e-03  
852    -3.81e+00  2.04e-01   6.38e-04  
853    -3.81e+00  1.07e-01   9.36e-04  
854    -3.81e+00  8.27e-02   1.52e-03  
855    -3.81e+00  8.24e-02   3.03e-03  
856    -3.81e+00  8.21e-02   6.03e-03  
857    -3.81e+00  8.44e-02   1.19e-02  
858    -3.81e+00  2.66e-01   1.59e-03  
859    -3.81e+00  1.69e-01   8.80e-04  
860    -3.81e+00  8.13e-02   1.16e-03  
861    -3.81e+00  7.91e-02   2.24e-03  
862    -3.81e+00  7.89e-02   4.47e-03  
863    -3.81e+00  7.91e-02   8.87e-03  
864    -3.81e+00  1.22e-01   1.97e-03  
865    -3.81e+00  1.20e-01   1.61e-03  
866    -3.81e+00  9.46e-02   1.70e-03  
867    -3.81e+00  8.55e-02   2.40e-03  
868    -3.81e+00  9.31e-02   3.63e-03  
869    -3.81e+00  1.60e-01   1.44e-03  
870    -3.81e+00  9.71e-02   1.27e-03  
871    -3.81e+00  7.71e-02   1.90e-03  
872    -3.81e+00  7.65e-02   3.63e-03  
873    -3.81e+00  8.43e-02   6.75e-03  
874    -3.81e+00  2.36e-01   1.83e-03  
875    -3.81e+00  1.99e-01   6.47e-04  
876    -3.81e+00  9.84e-02   9.34e-04  
877    -3.81e+00  7.36e-02   1.48e-03  
878    -3.81e+00  7.33e-02   2.95e-03  
879    -3.81e+00  7.30e-02   5.88e-03  
880    -3.81e+00  7.50e-02   1.16e-02  
881    -3.81e+00  2.26e-01   1.65e-03  
882    -3.81e+00  1.55e-01   8.52e-04  
883    -3.81e+00  7.35e-02   1.13e-03  
884    -3.81e+00  7.05e-02   2.16e-03  
885    -3.81e+00  7.03e-02   4.30e-03  
886    -3.81e+00  7.04e-02   8.53e-03  
887    -3.81e+00  1.02e-01   1.94e-03  
888    -3.81e+00  9.79e-02   1.84e-03  
889    -3.81e+00  8.98e-02   1.95e-03  
890    -3.81e+00  8.78e-02   2.30e-03  
891    -3.81e+00  9.87e-02   2.49e-03  
892    -3.81e+00  1.26e-01   1.71e-03  
893    -3.81e+00  1.01e-01   1.34e-03  
894    -3.81e+00  7.18e-02   1.68e-03  
895    -3.81e+00  6.92e-02   3.01e-03  
896    -3.81e+00  7.50e-02   5.46e-03  
897    -3.81e+00  1.65e-01   2.37e-03  
898    -3.81e+00  2.17e-01   2.78e-05  
899    -3.81e+00  2.12e-01   5.48e-05  
900    -3.81e+00  2.01e-01   1.07e-04  
901    -3.81e+00  1.82e-01   2.04e-04  
902    -3.81e+00  1.51e-01   3.71e-04  
903    -3.81e+00  1.08e-01   6.32e-04  
904    -3.81e+00  7.29e-02   1.01e-03  
905    -3.81e+00  6.57e-02   1.83e-03  
906    -3.81e+00  6.55e-02   3.66e-03  
907    -3.81e+00  6.51e-02   7.31e-03  
908    -3.81e+00  6.46e-02   1.45e-02  
909    -3.81e+00  9.38e-02   3.42e-03  
910    -3.81e+00  1.79e-01   4.02e-04  
911    -3.81e+00  1.18e-01   6.62e-04  
912    -3.81e+00  7.12e-02   1.01e-03  
913    -3.81e+00  6.24e-02   1.78e-03  
914    -3.81e+00  6.22e-02   3.56e-03  
915    -3.81e+00  6.18e-02   7.10e-03  
916    -3.81e+00  6.12e-02   1.41e-02  
917    -3.81e+00  6.93e-02   6.88e-03  
918    -3.81e+00  2.14e-01   1.59e-03  
919    -3.81e+00  1.35e-01   8.48e-04  
920    -3.81e+00  6.18e-02   1.12e-03  
921    -3.81e+00  5.89e-02   2.12e-03  
922    -3.81e+00  5.87e-02   4.22e-03  
923    -3.81e+00  5.87e-02   8.39e-03  
924    -3.81e+00  8.01e-02   3.88e-03  
925    -3.81e+00  1.70e-01   4.62e-04  
926    -3.81e+00  1.04e-01   7.35e-04  
927    -3.81e+00  6.15e-02   1.09e-03  
928    -3.81e+00  5.70e-02   2.02e-03  
929    -3.81e+00  5.68e-02   4.03e-03  
930    -3.81e+00  5.68e-02   8.00e-03  
931    -3.81e+00  7.20e-02   3.77e-03  
932    -3.81e+00  1.38e-01   1.84e-03  
933    -3.81e+00  1.19e-01   8.47e-04  
934    -3.81e+00  5.75e-02   1.13e-03  
935    -3.81e+00  5.51e-02   2.16e-03  
936    -3.81e+00  5.50e-02   4.31e-03  
937    -3.81e+00  5.51e-02   8.55e-03  
938    -3.81e+00  8.12e-02   1.93e-03  
939    -3.81e+00  7.77e-02   1.77e-03  
940    -3.81e+00  6.89e-02   1.90e-03  
941    -3.81e+00  6.61e-02   2.37e-03  
942    -3.81e+00  7.53e-02   2.78e-03  
943    -3.81e+00  1.09e-01   1.68e-03  
944    -3.81e+00  8.34e-02   1.21e-03  
945    -3.81e+00  5.44e-02   1.54e-03  
946    -3.81e+00  5.31e-02   2.94e-03  
947    -3.81e+00  5.42e-02   5.71e-03  
948    -3.81e+00  8.38e-02   2.30e-03  
949    -3.81e+00  9.97e-02   1.34e-03  
950    -3.81e+00  5.92e-02   1.37e-03  
951    -3.81e+00  5.26e-02   2.29e-03  
952    -3.81e+00  5.31e-02   4.36e-03  
953    -3.81e+00  6.85e-02   3.72e-03  
954    -3.81e+00  1.34e-01   1.28e-03  
955    -3.81e+00  6.14e-02   1.16e-03  
956    -3.81e+00  5.08e-02   1.89e-03  
957    -3.81e+00  5.06e-02   3.73e-03  
958    -3.81e+00  5.18e-02   7.31e-03  
959    -3.81e+00  9.60e-02   1.39e-03  
960    -3.81e+00  5.90e-02   1.36e-03  
961    -3.81e+00  5.07e-02   2.17e-03  
962    -3.81e+00  5.10e-02   4.09e-03  
963    -3.81e+00  6.45e-02   3.48e-03  
964    -3.81e+00  1.15e-01   1.81e-03  
965    -3.81e+00  9.70e-02   9.35e-04  
966    -3.81e+00  4.88e-02   1.22e-03  
967    -3.81e+00  4.84e-02   2.41e-03  
968    -3.81e+00  4.82e-02   4.81e-03  
969    -3.81e+00  4.83e-02   9.55e-03  
970    -3.81e+00  7.19e-02   2.17e-03  
971    -3.81e+00  7.90e-02   1.65e-03  
972    -3.81e+00  6.26e-02   1.54e-03  
973    -3.81e+00  5.18e-02   2.04e-03  
974    -3.81e+00  5.21e-02   3.31e-03  
975    -3.81e+00  7.07e-02   2.22e-03  
976    -3.81e+00  7.96e-02   1.64e-03  
977    -3.81e+00  6.18e-02   1.50e-03  
978    -3.81e+00  5.04e-02   2.00e-03  
979    -3.81e+00  5.03e-02   3.34e-03  
980    -3.81e+00  6.62e-02   2.41e-03  
981    -3.81e+00  8.12e-02   1.78e-03  
982    -3.81e+00  6.93e-02   1.39e-03  
983    -3.81e+00  4.97e-02   1.68e-03  
984    -3.81e+00  4.73e-02   2.88e-03  
985    -3.81e+00  5.19e-02   5.06e-03  
986    -3.81e+00  1.14e-01   1.88e-03  
987    -3.81e+00  1.02e-01   7.75e-04  
988    -3.81e+00  4.91e-02   1.06e-03  
989    -3.81e+00  4.45e-02   1.92e-03  
990    -3.81e+00  4.43e-02   3.84e-03  
991    -3.81e+00  4.42e-02   7.65e-03  
992    -3.81e+00  4.91e-02   7.43e-03  
993    -3.81e+00  1.51e-01   1.57e-03  
994    -3.81e+00  9.29e-02   8.78e-04  
995    -3.81e+00  4.41e-02   1.15e-03  
996    -3.81e+00  4.29e-02   2.23e-03  
997    -3.81e+00  4.28e-02   4.45e-03  
998    -3.81e+00  4.30e-02   8.83e-03  
999    -3.81e+00  6.52e-02   1.98e-03  
1000   -3.81e+00  6.42e-02   1.66e-03  
1001   -3.81e+00  5.26e-02   1.74e-03  
1002   -3.81e+00  4.78e-02   2.35e-03  
1003   -3.81e+00  5.22e-02   3.36e-03  
1004   -3.81e+00  8.52e-02   2.56e-03  
1005   -3.81e+00  1.23e-01   1.16e-04  
1006   -3.81e+00  1.10e-01   2.20e-04  
1007   -3.81e+00  8.98e-02   3.98e-04  
1008   -3.81e+00  6.33e-02   6.71e-04  
1009   -3.81e+00  4.40e-02   1.08e-03  
1010   -3.81e+00  4.10e-02   2.01e-03  
1011   -3.81e+00  4.09e-02   4.01e-03  
1012   -3.81e+00  4.08e-02   7.99e-03  
1013   -3.81e+00  4.84e-02   3.83e-03  
1014   -3.81e+00  8.60e-02   1.55e-03  
1015   -3.81e+00  5.74e-02   1.22e-03  
1016   -3.81e+00  4.08e-02   1.67e-03  
1017   -3.81e+00  4.01e-02   3.20e-03  
1018   -3.81e+00  4.17e-02   6.15e-03  
1019   -3.81e+00  7.83e-02   2.12e-03  
1020   -3.81e+00  8.51e-02   8.76e-04  
1021   -3.81e+00  4.01e-02   1.15e-03  
1022   -3.81e+00  3.90e-02   2.22e-03  
1023   -3.81e+00  3.89e-02   4.43e-03  
1024   -3.81e+00  3.90e-02   8.79e-03  
1025   -3.81e+00  5.86e-02   1.98e-03  
1026   -3.81e+00  5.76e-02   1.70e-03  
1027   -3.81e+00  4.85e-02   1.77e-03  
1028   -3.81e+00  4.43e-02   2.32e-03  
1029   -3.81e+00  4.84e-02   3.17e-03  
1030   -3.81e+00  7.58e-02   2.38e-03  
1031   -3.81e+00  9.78e-02   4.94e-04  
1032   -3.81e+00  5.91e-02   7.80e-04  
1033   -3.81e+00  3.87e-02   1.20e-03  
1034   -3.81e+00  3.73e-02   2.29e-03  
1035   -3.81e+00  3.72e-02   4.56e-03  
1036   -3.81e+00  3.80e-02   9.00e-03  
1037   -3.81e+00  8.04e-02   1.67e-03  
1038   -3.81e+00  6.02e-02   1.13e-03  
1039   -3.81e+00  3.68e-02   1.45e-03  
1040   -3.81e+00  3.63e-02   2.84e-03  
1041   -3.81e+00  3.64e-02   5.62e-03  
1042   -3.81e+00  4.22e-02   5.32e-03  
1043   -3.81e+00  1.02e-01   1.37e-03  
1044   -3.81e+00  4.99e-02   1.09e-03  
1045   -3.81e+00  3.56e-02   1.59e-03  
1046   -3.81e+00  3.54e-02   3.16e-03  
1047   -3.81e+00  3.54e-02   6.29e-03  
1048   -3.81e+00  4.10e-02   6.00e-03  
1049   -3.81e+00  1.13e-01   2.05e-03  
1050   -3.81e+00  1.18e-01   2.95e-04  
1051   -3.81e+00  8.66e-02   5.10e-04  
1052   -3.81e+00  5.20e-02   8.02e-04  
1053   -3.81e+00  3.53e-02   1.24e-03  
1054   -3.81e+00  3.44e-02   2.41e-03  
1055   -3.81e+00  3.44e-02   4.79e-03  
1056   -3.81e+00  3.55e-02   9.42e-03  
1057   -3.81e+00  9.04e-02   1.46e-03  
1058   -3.81e+00  5.12e-02   1.08e-03  
1059   -3.81e+00  3.36e-02   1.50e-03  
1060   -3.81e+00  3.34e-02   2.97e-03  
1061   -3.81e+00  3.34e-02   5.90e-03  
1062   -3.81e+00  3.62e-02   1.15e-02  
1063   -3.81e+00  1.60e-01   3.88e-04  
1064   -3.81e+00  1.01e-01   6.32e-04  
1065   -3.81e+00  4.80e-02   9.06e-04  
1066   -3.81e+00  3.26e-02   1.37e-03  
1067   -3.81e+00  3.24e-02   2.71e-03  
1068   -3.81e+00  3.23e-02   5.40e-03  
1069   -3.81e+00  3.33e-02   1.06e-02  
1070   -3.81e+00  9.41e-02   1.56e-03  
1071   -3.81e+00  5.88e-02   9.61e-04  
1072   -3.81e+00  3.15e-02   1.26e-03  
1073   -3.81e+00  3.14e-02   2.52e-03  
1074   -3.81e+00  3.13e-02   5.03e-03  
1075   -3.81e+00  3.12e-02   1.00e-02  
1076   -3.81e+00  4.20e-02   2.35e-03  
1077   -3.81e+00  4.94e-02   2.11e-03  
1078   -3.81e+00  5.28e-02   1.47e-03  
1079   -3.81e+00  3.65e-02   1.50e-03  
1080   -3.81e+00  3.20e-02   2.31e-03  
1081   -3.81e+00  3.30e-02   4.09e-03  
1082   -3.81e+00  5.04e-02   2.76e-03  
1083   -3.81e+00  7.72e-02   6.14e-04  
1084   -3.81e+00  4.07e-02   9.08e-04  
1085   -3.81e+00  3.00e-02   1.44e-03  
1086   -3.81e+00  2.99e-02   2.86e-03  
1087   -3.81e+00  2.98e-02   5.70e-03  
1088   -3.81e+00  3.11e-02   1.12e-02  
1089   -3.81e+00  1.03e-01   1.25e-03  
1090   -3.81e+00  3.78e-02   1.06e-03  
1091   -3.81e+00  2.90e-02   1.66e-03  
1092   -3.81e+00  2.90e-02   3.32e-03  
1093   -3.81e+00  2.89e-02   6.60e-03  
1094   -3.81e+00  3.14e-02   6.43e-03  
1095   -3.81e+00  7.62e-02   1.42e-03  
1096   -3.81e+00  4.11e-02   1.10e-03  
1097   -3.81e+00  2.84e-02   1.57e-03  
1098   -3.81e+00  2.82e-02   3.10e-03  
1099   -3.81e+00  2.83e-02   6.15e-03  
1100   -3.81e+00  3.33e-02   5.83e-03  
1101   -3.81e+00  9.25e-02   1.38e-03  
1102   -3.81e+00  4.33e-02   1.03e-03  
1103   -3.81e+00  2.76e-02   1.43e-03  
1104   -3.81e+00  2.75e-02   2.85e-03  
1105   -3.81e+00  2.74e-02   5.69e-03  
1106   -3.81e+00  2.74e-02   1.13e-02  
1107   -3.81e+00  4.27e-02   2.59e-03  
1108   -3.81e+00  5.91e-02   1.11e-03  
1109   -3.81e+00  2.73e-02   1.24e-03  
1110   -3.81e+00  2.67e-02   2.41e-03  
1111   -3.81e+00  2.66e-02   4.79e-03  
1112   -3.81e+00  2.74e-02   9.43e-03  
1113   -3.81e+00  6.87e-02   1.50e-03  
1114   -3.81e+00  4.11e-02   1.07e-03  
1115   -3.81e+00  2.61e-02   1.46e-03  
1116   -3.81e+00  2.59e-02   2.90e-03  
1117   -3.81e+00  2.59e-02   5.77e-03  
1118   -3.81e+00  2.74e-02   1.13e-02  
1119   -3.81e+00  1.01e-01   1.73e-03  
1120   -3.81e+00  7.61e-02   6.52e-04  
1121   -3.81e+00  3.55e-02   9.26e-04  
1122   -3.81e+00  2.52e-02   1.43e-03  
1123   -3.81e+00  2.51e-02   2.84e-03  
1124   -3.81e+00  2.51e-02   5.66e-03  
1125   -3.81e+00  2.58e-02   1.12e-02  
1126   -3.81e+00  7.33e-02   1.69e-03  
1127   -3.81e+00  5.32e-02   8.49e-04  
1128   -3.81e+00  2.54e-02   1.13e-03  
1129   -3.81e+00  2.44e-02   2.16e-03  
1130   -3.81e+00  2.43e-02   4.30e-03  
1131   -3.81e+00  2.44e-02   8.55e-03  
1132   -3.81e+00  3.57e-02   1.94e-03  
1133   -3.81e+00  3.44e-02   1.81e-03  
1134   -3.81e+00  3.11e-02   1.92e-03  
1135   -3.81e+00  3.01e-02   2.32e-03  
1136   -3.81e+00  3.39e-02   2.62e-03  
1137   -3.81e+00  4.57e-02   1.73e-03  
1138   -3.81e+00  3.71e-02   1.27e-03  
1139   -3.81e+00  2.47e-02   1.58e-03  
1140   -3.81e+00  2.39e-02   2.92e-03  
1141   -3.81e+00  2.48e-02   5.54e-03  
1142   -3.81e+00  4.45e-02   1.89e-03  
1143   -3.81e+00  4.09e-02   1.18e-03  
1144   -3.81e+00  2.39e-02   1.42e-03  
1145   -3.81e+00  2.32e-02   2.70e-03  
1146   -3.81e+00  2.34e-02   5.30e-03  
1147   -3.81e+00  2.93e-02   4.82e-03  
1148   -3.81e+00  7.36e-02   5.32e-04  
1149   -3.81e+00  3.99e-02   8.09e-04  
1150   -3.81e+00  2.36e-02   1.18e-03  
1151   -3.81e+00  2.27e-02   2.25e-03  
1152   -3.81e+00  2.26e-02   4.48e-03  
1153   -3.81e+00  2.30e-02   8.87e-03  
1154   -3.81e+00  4.36e-02   1.78e-03  
1155   -3.81e+00  3.67e-02   1.22e-03  
1156   -3.81e+00  2.30e-02   1.49e-03  
1157   -3.81e+00  2.23e-02   2.82e-03  
1158   -3.81e+00  2.27e-02   5.48e-03  
1159   -3.81e+00  3.33e-02   2.28e-03  
1160   -3.81e+00  3.86e-02   1.62e-03  
1161   -3.81e+00  2.93e-02   1.46e-03  
1162   -3.81e+00  2.35e-02   1.96e-03  
1163   -3.81e+00  2.33e-02   3.37e-03  
1164   -3.81e+00  2.96e-02   2.61e-03  
1165   -3.81e+00  3.89e-02   2.04e-03  
1166   -3.81e+00  3.99e-02   1.19e-03  
1167   -3.81e+00  2.24e-02   1.38e-03  
1168   -3.81e+00  2.15e-02   2.59e-03  
1169   -3.81e+00  2.17e-02   5.09e-03  
1170   -3.81e+00  2.64e-02   4.67e-03  
1171   -3.81e+00  6.13e-02   1.61e-03  
1172   -3.81e+00  4.08e-02   9.38e-04  
1173   -3.81e+00  2.11e-02   1.23e-03  
1174   -3.81e+00  2.10e-02   2.44e-03  
1175   -3.81e+00  2.09e-02   4.88e-03  
1176   -3.81e+00  2.10e-02   9.70e-03  
1177   -3.81e+00  3.20e-02   2.20e-03  
1178   -3.81e+00  3.58e-02   1.56e-03  
1179   -3.81e+00  2.63e-02   1.49e-03  
1180   -3.81e+00  2.19e-02   2.11e-03  
1181   -3.81e+00  2.22e-02   3.62e-03  
1182   -3.81e+00  3.07e-02   2.58e-03  
1183   -3.81e+00  4.17e-02   1.41e-03  
1184   -3.81e+00  2.50e-02   1.30e-03  
1185   -3.81e+00  2.06e-02   2.02e-03  
1186   -3.81e+00  2.06e-02   3.84e-03  
1187   -3.81e+00  2.37e-02   3.48e-03  
1188   -3.81e+00  3.74e-02   1.73e-03  
1189   -3.81e+00  3.04e-02   1.32e-03  
1190   -3.81e+00  2.12e-02   1.64e-03  
1191   -3.81e+00  2.04e-02   2.96e-03  
1192   -3.81e+00  2.18e-02   5.45e-03  
1193   -3.81e+00  4.55e-02   1.39e-03  
1194   -3.81e+00  2.51e-02   1.21e-03  
1195   -3.81e+00  1.98e-02   1.84e-03  
1196   -3.81e+00  1.97e-02   3.59e-03  
1197   -3.81e+00  2.07e-02   6.91e-03  
1198   -3.81e+00  4.66e-02   2.01e-03  
1199   -3.81e+00  4.70e-02   6.71e-04  
1200   -3.81e+00  2.38e-02   9.68e-04  
1201   -3.81e+00  1.92e-02   1.61e-03  
1202   -3.81e+00  1.92e-02   3.21e-03  
1203   -3.81e+00  1.91e-02   6.40e-03  
1204   -3.81e+00  1.92e-02   1.27e-02  
1205   -3.81e+00  4.37e-02   1.27e-03  
1206   -3.81e+00  2.14e-02   1.22e-03  
1207   -3.81e+00  1.87e-02   2.08e-03  
1208   -3.81e+00  1.87e-02   4.10e-03  
1209   -3.81e+00  2.00e-02   7.88e-03  
1210   -3.81e+00  5.61e-02   1.61e-03  
1211   -3.81e+00  3.73e-02   9.02e-04  
1212   -3.81e+00  1.85e-02   1.19e-03  
1213   -3.81e+00  1.82e-02   2.33e-03  
1214   -3.81e+00  1.82e-02   4.65e-03  
1215   -3.81e+00  1.83e-02   9.22e-03  
1216   -3.81e+00  2.96e-02   2.03e-03  
1217   -3.81e+00  3.01e-02   1.44e-03  
1218   -3.81e+00  2.08e-02   1.53e-03  
1219   -3.81e+00  1.87e-02   2.44e-03  
1220   -3.81e+00  1.95e-02   4.32e-03  
1221   -3.81e+00  3.24e-02   2.66e-03  
1222   -3.81e+00  4.84e-02   3.39e-04  
1223   -3.81e+00  3.46e-02   5.78e-04  
1224   -3.81e+00  2.16e-02   9.08e-04  
1225   -3.81e+00  1.76e-02   1.53e-03  
1226   -3.81e+00  1.75e-02   3.05e-03  
1227   -3.81e+00  1.75e-02   6.09e-03  
1228   -3.81e+00  1.85e-02   1.19e-02  
1229   -3.81e+00  7.34e-02   1.49e-03  
1230   -3.81e+00  3.88e-02   8.83e-04  
1231   -3.81e+00  1.75e-02   1.14e-03  
1232   -3.81e+00  1.70e-02   2.20e-03  
1233   -3.81e+00  1.70e-02   4.39e-03  
1234   -3.81e+00  1.70e-02   8.73e-03  
1235   -3.81e+00  2.43e-02   2.00e-03  
1236   -3.81e+00  2.42e-02   1.90e-03  
1237   -3.81e+00  2.29e-02   1.90e-03  
1238   -3.81e+00  2.18e-02   2.09e-03  
1239   -3.81e+00  2.26e-02   2.35e-03  
1240   -3.81e+00  2.65e-02   2.14e-03  
1241   -3.81e+00  2.87e-02   1.48e-03  
1242   -3.81e+00  1.99e-02   1.49e-03  
1243   -3.81e+00  1.73e-02   2.27e-03  
1244   -3.81e+00  1.78e-02   4.01e-03  
1245   -3.81e+00  2.66e-02   2.76e-03  
1246   -3.81e+00  4.04e-02   7.60e-04  
1247   -3.81e+00  1.85e-02   1.04e-03  
1248   -3.81e+00  1.62e-02   1.82e-03  
1249   -3.81e+00  1.62e-02   3.64e-03  
1250   -3.81e+00  1.61e-02   7.27e-03  
1251   -3.81e+00  1.65e-02   1.44e-02  
1252   -3.81e+00  5.89e-02   1.86e-03  
1253   -3.81e+00  5.13e-02   5.06e-04  
1254   -3.81e+00  2.88e-02   7.80e-04  
1255   -3.81e+00  1.65e-02   1.13e-03  
1256   -3.81e+00  1.57e-02   2.13e-03  
1257   -3.81e+00  1.56e-02   4.24e-03  
1258   -3.81e+00  1.57e-02   8.42e-03  
1259   -3.81e+00  2.44e-02   1.86e-03  
1260   -3.81e+00  2.24e-02   1.64e-03  
1261   -3.81e+00  1.85e-02   1.86e-03  
1262   -3.81e+00  1.77e-02   2.63e-03  
1263   -3.81e+00  2.09e-02   3.52e-03  
1264   -3.81e+00  3.92e-02   1.21e-03  
1265   -3.81e+00  1.69e-02   1.18e-03  
1266   -3.81e+00  1.52e-02   2.09e-03  
1267   -3.81e+00  1.52e-02   4.14e-03  
1268   -3.81e+00  1.57e-02   8.11e-03  
1269   -3.81e+00  3.46e-02   1.37e-03  
1270   -3.81e+00  1.88e-02   1.21e-03  
1271   -3.81e+00  1.50e-02   1.87e-03  
1272   -3.81e+00  1.50e-02   3.65e-03  
1273   -3.81e+00  1.58e-02   7.01e-03  
1274   -3.81e+00  3.66e-02   1.95e-03  
1275   -3.81e+00  3.51e-02   7.03e-04  
1276   -3.81e+00  1.74e-02   9.98e-04  
1277   -3.81e+00  1.46e-02   1.70e-03  
1278   -3.81e+00  1.45e-02   3.40e-03  
1279   -3.81e+00  1.45e-02   6.78e-03  
1280   -3.81e+00  1.44e-02   1.35e-02  
1281   -3.81e+00  1.46e-02   2.67e-02  
1282   -3.81e+00  9.49e-02   2.03e-03  
1283   -3.81e+00  9.76e-02   2.79e-05  
1284   -3.81e+00  9.49e-02   5.51e-05  
1285   -3.81e+00  8.98e-02   1.07e-04  
1286   -3.81e+00  8.04e-02   2.03e-04  
1287   -3.81e+00  6.46e-02   3.66e-04  
1288   -3.81e+00  4.23e-02   6.05e-04  
1289   -3.81e+00  2.10e-02   8.83e-04  
1290   -3.81e+00  1.38e-02   1.32e-03  
1291   -3.81e+00  1.37e-02   2.60e-03  
1292   -3.81e+00  1.36e-02   5.19e-03  
1293   -3.81e+00  1.41e-02   1.02e-02  
1294   -3.81e+00  3.91e-02   1.50e-03  
1295   -3.81e+00  2.26e-02   1.02e-03  
1296   -3.81e+00  1.33e-02   1.36e-03  
1297   -3.81e+00  1.33e-02   2.72e-03  
1298   -3.81e+00  1.33e-02   5.43e-03  
1299   -3.81e+00  1.32e-02   1.08e-02  
1300   -3.81e+00  1.52e-02   5.28e-03  
1301   -3.81e+00  3.59e-02   1.58e-03  
1302   -3.81e+00  2.32e-02   9.93e-04  
1303   -3.81e+00  1.29e-02   1.31e-03  
1304   -3.81e+00  1.29e-02   2.61e-03  
1305   -3.81e+00  1.29e-02   5.22e-03  
1306   -3.81e+00  1.28e-02   1.04e-02  
1307   -3.81e+00  1.30e-02   2.06e-02  
1308   -3.81e+00  6.03e-02   1.13e-03  
1309   -3.81e+00  1.44e-02   1.04e-03  
1310   -3.81e+00  1.23e-02   1.79e-03  
1311   -3.81e+00  1.23e-02   3.57e-03  
1312   -3.81e+00  1.23e-02   7.13e-03  
1313   -3.81e+00  1.27e-02   1.41e-02  
1314   -3.81e+00  4.67e-02   1.65e-03  
1315   -3.81e+00  3.17e-02   7.58e-04  
1316   -3.81e+00  1.39e-02   1.02e-03  
1317   -3.81e+00  1.19e-02   1.77e-03  
1318   -3.81e+00  1.19e-02   3.54e-03  
1319   -3.81e+00  1.19e-02   7.06e-03  
1320   -3.81e+00  1.19e-02   1.40e-02  
1321   -3.81e+00  2.71e-02   1.44e-03  
1322   -3.81e+00  1.57e-02   1.19e-03  
1323   -3.81e+00  1.17e-02   1.73e-03  
1324   -3.81e+00  1.16e-02   3.38e-03  
1325   -3.81e+00  1.20e-02   6.56e-03  
1326   -3.81e+00  2.23e-02   2.38e-03  
1327   -3.81e+00  2.88e-02   5.82e-04  
1328   -3.81e+00  1.59e-02   8.78e-04  
1329   -3.81e+00  1.15e-02   1.38e-03  
1330   -3.81e+00  1.14e-02   2.73e-03  
1331   -3.81e+00  1.14e-02   5.44e-03  
1332   -3.81e+00  1.19e-02   1.07e-02  
1333   -3.81e+00  3.99e-02   2.16e-03  
1334   -3.81e+00  4.59e-02   1.44e-05  
1335   -3.81e+00  4.53e-02   2.86e-05  
1336   -3.81e+00  4.40e-02   5.64e-05  
1337   -3.81e+00  4.17e-02   1.10e-04  
1338   -3.81e+00  3.75e-02   2.08e-04  
1339   -3.81e+00  3.04e-02   3.77e-04  
1340   -3.81e+00  2.09e-02   6.31e-04  
1341   -3.81e+00  1.29e-02   9.77e-04  
1342   -3.81e+00  1.11e-02   1.71e-03  
1343   -3.81e+00  1.11e-02   3.41e-03  
1344   -3.81e+00  1.10e-02   6.81e-03  
1345   -3.81e+00  1.10e-02   1.35e-02  
1346   -3.81e+00  2.24e-02   1.45e-03  
1347   -3.81e+00  1.39e-02   1.28e-03  
1348   -3.81e+00  1.10e-02   1.91e-03  
1349   -3.81e+00  1.09e-02   3.63e-03  
1350   -3.81e+00  1.22e-02   6.69e-03  
1351   -3.81e+00  3.52e-02   1.43e-03  
1352   -3.81e+00  1.79e-02   1.00e-03  
1353   -3.81e+00  1.06e-02   1.35e-03  
1354   -3.81e+00  1.06e-02   2.70e-03  
1355   -3.81e+00  1.05e-02   5.38e-03  
1356   -3.81e+00  1.05e-02   1.07e-02  
1357   -3.81e+00  1.03e-02   2.13e-02  
1358   -3.81e+00  1.20e-02   5.22e-03  
1359   -3.81e+00  2.91e-02   1.24e-03  
1360   -3.81e+00  1.20e-02   1.13e-03  
1361   -3.81e+00  1.01e-02   1.87e-03  
1362   -3.81e+00  1.00e-02   3.71e-03  
1363   -3.81e+00  1.02e-02   7.34e-03  
1364   -3.81e+00  1.58e-02   3.16e-03  
1365   -3.81e+00  2.82e-02   2.69e-04  
1366   -3.81e+00  2.17e-02   4.75e-04  
1367   -3.81e+00  1.42e-02   7.71e-04  
1368   -3.81e+00  1.01e-02   1.23e-03  
1369   -3.81e+00  9.84e-03   2.39e-03  
1370   -3.81e+00  9.83e-03   4.75e-03  
1371   -3.81e+00  1.01e-02   9.34e-03  
1372   -3.81e+00  2.54e-02   1.48e-03  
1373   -3.81e+00  1.49e-02   1.09e-03  
1374   -3.81e+00  9.67e-03   1.49e-03  
1375   -3.81e+00  9.62e-03   2.96e-03  
1376   -3.81e+00  9.63e-03   5.88e-03  
1377   -3.81e+00  1.05e-02   5.71e-03  
1378   -3.81e+00  2.31e-02   1.37e-03  
1379   -3.81e+00  1.22e-02   1.18e-03  
1380   -3.81e+00  9.54e-03   1.81e-03  
1381   -3.81e+00  9.48e-03   3.54e-03  
1382   -3.81e+00  9.79e-03   6.90e-03  
1383   -3.81e+00  1.89e-02   2.47e-03  
1384   -3.81e+00  2.58e-02   3.28e-04  
1385   -3.81e+00  1.87e-02   5.63e-04  
1386   -3.81e+00  1.17e-02   8.88e-04  
1387   -3.81e+00  9.31e-03   1.48e-03  
1388   -3.81e+00  9.27e-03   2.95e-03  
1389   -3.81e+00  9.26e-03   5.88e-03  
1390   -3.81e+00  9.89e-03   1.15e-02  
1391   -3.81e+00  3.96e-02   1.13e-03  
1392   -3.81e+00  1.04e-02   1.05e-03  
1393   -3.81e+00  9.04e-03   1.84e-03  
1394   -3.81e+00  9.03e-03   3.68e-03  
1395   -3.81e+00  9.01e-03   7.34e-03  
1396   -3.81e+00  9.60e-03   1.44e-02  
1397   -3.81e+00  4.82e-02   4.17e-04  
1398   -3.81e+00  2.90e-02   6.66e-04  
1399   -3.81e+00  1.28e-02   9.30e-04  
1400   -3.81e+00  8.79e-03   1.40e-03  
1401   -3.81e+00  8.76e-03   2.80e-03  
1402   -3.81e+00  8.74e-03   5.58e-03  
1403   -3.81e+00  8.95e-03   1.10e-02  
1404   -3.81e+00  2.35e-02   1.84e-03  
1405   -3.81e+00  2.01e-02   7.53e-04  
1406   -3.81e+00  9.67e-03   1.04e-03  
1407   -3.81e+00  8.54e-03   1.85e-03  
1408   -3.81e+00  8.53e-03   3.69e-03  
1409   -3.81e+00  8.50e-03   7.36e-03  
1410   -3.81e+00  8.82e-03   1.45e-02  
1411   -3.81e+00  3.63e-02   1.29e-03  
1412   -3.81e+00  1.31e-02   1.01e-03  
1413   -3.81e+00  8.28e-03   1.41e-03  
1414   -3.81e+00  8.27e-03   2.81e-03  
1415   -3.81e+00  8.24e-03   5.61e-03  
1416   -3.81e+00  8.19e-03   1.12e-02  
1417   -3.81e+00  8.21e-03   2.22e-02  
1418   -3.81e+00  3.04e-02   1.87e-03  
1419   -3.81e+00  2.66e-02   4.86e-04  
1420   -3.81e+00  1.53e-02   7.56e-04  
1421   -3.81e+00  8.51e-03   1.09e-03  
1422   -3.81e+00  7.88e-03   2.02e-03  
1423   -3.81e+00  7.86e-03   4.02e-03  
1424   -3.81e+00  7.88e-03   8.01e-03  
1425   -3.81e+00  1.00e-02   3.78e-03  
1426   -3.81e+00  1.91e-02   1.88e-03  
1427   -3.81e+00  1.71e-02   8.09e-04  
1428   -3.81e+00  8.25e-03   1.10e-03  
1429   -3.81e+00  7.70e-03   2.04e-03  
1430   -3.81e+00  7.69e-03   4.07e-03  
1431   -3.81e+00  7.70e-03   8.09e-03  
1432   -3.81e+00  9.84e-03   3.81e-03  
1433   -3.81e+00  1.92e-02   1.72e-03  
1434   -3.81e+00  1.47e-02   9.46e-04  
1435   -3.81e+00  7.57e-03   1.23e-03  
1436   -3.81e+00  7.53e-03   2.45e-03  
1437   -3.81e+00  7.51e-03   4.89e-03  
1438   -3.81e+00  7.52e-03   9.74e-03  
1439   -3.81e+00  1.09e-02   2.25e-03  
1440   -3.81e+00  1.24e-02   1.77e-03  
1441   -3.81e+00  1.06e-02   1.52e-03  
1442   -3.81e+00  8.34e-03   1.84e-03  
1443   -3.81e+00  8.05e-03   2.92e-03  
1444   -3.81e+00  9.69e-03   4.39e-03  
1445   -3.81e+00  2.27e-02   4.82e-04  
1446   -3.81e+00  1.33e-02   7.56e-04  
1447   -3.81e+00  7.77e-03   1.11e-03  
1448   -3.81e+00  7.27e-03   2.07e-03  
1449   -3.81e+00  7.25e-03   4.12e-03  
1450   -3.81e+00  7.28e-03   8.20e-03  
1451   -3.81e+00  1.01e-02   3.77e-03  
1452   -3.81e+00  2.10e-02   4.54e-04  
1453   -3.81e+00  1.29e-02   7.26e-04  
1454   -3.81e+00  7.71e-03   1.08e-03  
1455   -3.81e+00  7.11e-03   1.99e-03  
1456   -3.81e+00  7.10e-03   3.98e-03  
1457   -3.81e+00  7.10e-03   7.92e-03  
1458   -3.81e+00  8.63e-03   3.78e-03  
1459   -3.81e+00  1.56e-02   1.34e-03  
1460   -3.81e+00  8.42e-03   1.24e-03  
1461   -3.81e+00  7.05e-03   2.00e-03  
1462   -3.81e+00  7.04e-03   3.89e-03  
1463   -3.81e+00  7.66e-03   7.37e-03  
1464   -3.81e+00  2.20e-02   1.18e-03  
1465   -3.81e+00  7.76e-03   1.11e-03  
1466   -3.81e+00  6.86e-03   1.94e-03  
1467   -3.81e+00  6.85e-03   3.87e-03  
1468   -3.81e+00  6.88e-03   7.69e-03  
1469   -3.81e+00  9.56e-03   3.51e-03  
1470   -3.81e+00  1.82e-02   8.52e-04  
1471   -3.81e+00  7.18e-03   1.08e-03  
1472   -3.81e+00  6.72e-03   2.01e-03  
1473   -3.81e+00  6.71e-03   4.02e-03  
1474   -3.81e+00  6.70e-03   8.00e-03  
1475   -3.81e+00  7.78e-03   3.86e-03  
1476   -3.81e+00  1.34e-02   1.80e-03  
1477   -3.81e+00  1.14e-02   1.15e-03  
1478   -3.81e+00  6.71e-03   1.42e-03  
1479   -3.81e+00  6.59e-03   2.75e-03  
1480   -3.81e+00  6.62e-03   5.44e-03  
1481   -3.81e+00  7.81e-03   5.11e-03  
1482   -3.81e+00  1.88e-02   2.24e-03  
1483   -3.81e+00  2.28e-02   6.11e-05  
1484   -3.81e+00  2.15e-02   1.19e-04  
1485   -3.81e+00  1.92e-02   2.25e-04  
1486   -3.81e+00  1.55e-02   4.05e-04  
1487   -3.81e+00  1.06e-02   6.74e-04  
1488   -3.81e+00  7.01e-03   1.06e-03  
1489   -3.81e+00  6.44e-03   1.95e-03  
1490   -3.81e+00  6.43e-03   3.90e-03  
1491   -3.81e+00  6.42e-03   7.78e-03  
1492   -3.81e+00  7.09e-03   7.59e-03  
1493   -3.81e+00  2.17e-02   1.88e-03  
1494   -3.81e+00  1.92e-02   5.30e-04  
1495   -3.81e+00  1.06e-02   8.10e-04  
1496   -3.81e+00  6.49e-03   1.19e-03  
1497   -3.81e+00  6.28e-03   2.30e-03  
1498   -3.81e+00  6.27e-03   4.58e-03  
1499   -3.81e+00  6.40e-03   9.04e-03  
1500   -3.81e+00  1.32e-02   1.72e-03  
1501   -3.81e+00  1.04e-02   1.13e-03  
1502   -3.81e+00  6.25e-03   1.43e-03  
1503   -3.81e+00  6.16e-03   2.80e-03  
1504   -3.81e+00  6.18e-03   5.54e-03  
1505   -3.81e+00  7.12e-03   5.26e-03  
1506   -3.81e+00  1.68e-02   1.54e-03  
1507   -3.81e+00  1.04e-02   1.02e-03  
1508   -3.81e+00  6.05e-03   1.35e-03  
1509   -3.81e+00  6.04e-03   2.70e-03  
1510   -3.81e+00  6.02e-03   5.40e-03  
1511   -3.81e+00  6.00e-03   1.08e-02  
1512   -3.81e+00  7.03e-03   5.23e-03  
1513   -3.81e+00  1.71e-02   1.24e-03  
1514   -3.81e+00  6.99e-03   1.13e-03  
1515   -3.81e+00  5.89e-03   1.88e-03  
1516   -3.81e+00  5.88e-03   3.74e-03  
1517   -3.81e+00  5.95e-03   7.39e-03  
1518   -3.81e+00  9.30e-03   3.18e-03  
1519   -3.81e+00  1.68e-02   1.78e-04  
1520   -3.81e+00  1.42e-02   3.28e-04  
1521   -3.81e+00  1.05e-02   5.66e-04  
1522   -3.81e+00  6.91e-03   9.09e-04  
1523   -3.81e+00  5.78e-03   1.57e-03  
1524   -3.81e+00  5.76e-03   3.12e-03  
1525   -3.81e+00  5.75e-03   6.22e-03  
1526   -3.81e+00  6.11e-03   1.22e-02  
1527   -3.81e+00  2.52e-02   1.27e-03  
1528   -3.81e+00  8.61e-03   1.01e-03  
1529   -3.81e+00  5.62e-03   1.44e-03  
1530   -3.81e+00  5.61e-03   2.87e-03  
1531   -3.81e+00  5.59e-03   5.73e-03  
1532   -3.81e+00  5.56e-03   1.14e-02  
1533   -3.81e+00  6.02e-03   1.12e-02  
1534   -3.81e+00  2.58e-02   1.17e-03  
1535   -3.81e+00  6.85e-03   1.03e-03  
1536   -3.81e+00  5.42e-03   1.67e-03  
1537   -3.81e+00  5.41e-03   3.33e-03  
1538   -3.81e+00  5.40e-03   6.65e-03  
1539   -3.81e+00  5.49e-03   1.32e-02  
1540   -3.81e+00  1.54e-02   2.25e-03  
1541   -3.81e+00  1.88e-02   3.61e-05  
1542   -3.81e+00  1.82e-02   7.10e-05  
1543   -3.81e+00  1.70e-02   1.37e-04  
1544   -3.81e+00  1.49e-02   2.58e-04  
1545   -3.81e+00  1.16e-02   4.57e-04  
1546   -3.81e+00  7.71e-03   7.48e-04  
1547   -3.81e+00  5.45e-03   1.20e-03  
1548   -3.81e+00  5.26e-03   2.30e-03  
1549   -3.81e+00  5.25e-03   4.57e-03  
1550   -3.81e+00  5.37e-03   9.02e-03  
1551   -3.81e+00  1.16e-02   1.66e-03  
1552   -3.81e+00  8.55e-03   1.12e-03  
1553   -3.81e+00  5.22e-03   1.44e-03  
1554   -3.81e+00  5.16e-03   2.83e-03  
1555   -3.81e+00  5.17e-03   5.62e-03  
1556   -3.81e+00  5.89e-03   5.37e-03  
1557   -3.81e+00  1.38e-02   1.78e-03  
1558   -3.81e+00  1.12e-02   8.25e-04  
1559   -3.81e+00  5.36e-03   1.11e-03  
1560   -3.81e+00  5.06e-03   2.09e-03  
1561   -3.81e+00  5.05e-03   4.16e-03  
1562   -3.81e+00  5.07e-03   8.28e-03  
1563   -3.81e+00  6.88e-03   3.84e-03  
1564   -3.81e+00  1.43e-02   6.76e-04  
1565   -3.81e+00  6.61e-03   9.50e-04  
1566   -3.81e+00  4.96e-03   1.51e-03  
1567   -3.81e+00  4.95e-03   3.00e-03  
1568   -3.81e+00  4.94e-03   6.00e-03  
1569   -3.81e+00  5.03e-03   1.19e-02  
1570   -3.81e+00  1.31e-02   2.08e-03  
1571   -3.81e+00  1.40e-02   4.29e-04  
1572   -3.81e+00  8.92e-03   6.96e-04  
1573   -3.81e+00  5.34e-03   1.05e-03  
1574   -3.81e+00  4.82e-03   1.90e-03  
1575   -3.81e+00  4.81e-03   3.79e-03  
1576   -3.81e+00  4.80e-03   7.55e-03  
1577   -3.81e+00  5.09e-03   1.49e-02  
1578   -3.81e+00  2.54e-02   1.72e-03  
1579   -3.81e+00  1.85e-02   5.86e-04  
1580   -3.81e+00  8.77e-03   8.51e-04  
1581   -3.81e+00  4.80e-03   1.18e-03  
1582   -3.81e+00  4.67e-03   2.29e-03  
1583   -3.81e+00  4.66e-03   4.57e-03  
1584   -3.81e+00  4.72e-03   9.05e-03  
1585   -3.81e+00  8.78e-03   1.85e-03  
1586   -3.81e+00  7.85e-03   1.21e-03  
1587   -3.81e+00  4.77e-03   1.45e-03  
1588   -3.81e+00  4.61e-03   2.74e-03  
1589   -3.81e+00  4.68e-03   5.34e-03  
1590   -3.81e+00  6.44e-03   2.30e-03  
1591   -3.81e+00  7.47e-03   1.93e-03  
1592   -3.81e+00  7.12e-03   1.50e-03  
1593   -3.81e+00  5.28e-03   1.65e-03  
1594   -3.81e+00  4.84e-03   2.56e-03  
1595   -3.81e+00  5.29e-03   4.22e-03  
1596   -3.81e+00  1.01e-02   1.71e-03  
1597   -3.81e+00  7.80e-03   1.07e-03  
1598   -3.81e+00  4.48e-03   1.37e-03  
1599   -3.81e+00  4.45e-03   2.72e-03  
1600   -3.81e+00  4.44e-03   5.42e-03  
1601   -3.81e+00  4.59e-03   1.07e-02  
1602   -3.81e+00  1.30e-02   1.57e-03  
1603   -3.81e+00  8.22e-03   9.54e-04  
1604   -3.81e+00  4.36e-03   1.25e-03  
1605   -3.81e+00  4.35e-03   2.50e-03  
1606   -3.81e+00  4.34e-03   4.98e-03  
1607   -3.81e+00  4.34e-03   9.92e-03  
1608   -3.81e+00  6.13e-03   2.31e-03  
1609   -3.81e+00  7.16e-03   1.87e-03  
1610   -3.81e+00  6.56e-03   1.48e-03  
1611   -3.81e+00  4.88e-03   1.69e-03  
1612   -3.81e+00  4.55e-03   2.69e-03  
1613   -3.81e+00  5.06e-03   4.41e-03  
1614   -3.81e+00  1.04e-02   1.47e-03  
1615   -3.81e+00  6.10e-03   1.14e-03  
1616   -3.81e+00  4.24e-03   1.60e-03  
1617   -3.81e+00  4.20e-03   3.14e-03  
1618   -3.81e+00  4.24e-03   6.19e-03  
1619   -3.81e+00  5.73e-03   2.78e-03  
1620   -3.81e+00  8.15e-03   1.88e-03  
1621   -3.81e+00  7.45e-03   1.13e-03  
1622   -3.81e+00  4.21e-03   1.38e-03  
1623   -3.81e+00  4.13e-03   2.68e-03  
1624   -3.81e+00  4.14e-03   5.31e-03  
1625   -3.81e+00  4.67e-03   5.07e-03  
1626   -3.81e+00  1.01e-02   2.04e-03  
1627   -3.81e+00  1.04e-02   5.95e-04  
1628   -3.81e+00  5.62e-03   8.90e-04  
1629   -3.81e+00  4.07e-03   1.40e-03  
1630   -3.81e+00  4.05e-03   2.78e-03  
1631   -3.81e+00  4.05e-03   5.53e-03  
1632   -3.81e+00  4.24e-03   1.09e-02  
1633   -3.81e+00  1.42e-02   1.14e-03  
1634   -3.81e+00  4.39e-03   1.08e-03  
1635   -3.81e+00  3.96e-03   1.95e-03  
1636   -3.81e+00  3.95e-03   3.89e-03  
1637   -3.81e+00  3.96e-03   7.74e-03  
1638   -3.81e+00  4.84e-03   3.68e-03  
1639   -3.81e+00  8.58e-03   1.32e-03  
1640   -3.81e+00  4.58e-03   1.26e-03  
1641   -3.81e+00  3.93e-03   2.07e-03  
1642   -3.81e+00  3.93e-03   4.03e-03  
1643   -3.81e+00  4.34e-03   7.57e-03  
1644   -3.81e+00  1.37e-02   1.46e-03  
1645   -3.81e+00  7.14e-03   9.56e-04  
1646   -3.81e+00  3.83e-03   1.26e-03  
1647   -3.81e+00  3.81e-03   2.51e-03  
1648   -3.81e+00  3.80e-03   5.01e-03  
1649   -3.81e+00  3.81e-03   9.98e-03  
1650   -3.81e+00  5.32e-03   2.33e-03  
1651   -3.81e+00  6.26e-03   1.92e-03  
1652   -3.81e+00  5.94e-03   1.47e-03  
1653   -3.81e+00  4.30e-03   1.63e-03  
1654   -3.81e+00  3.96e-03   2.59e-03  
1655   -3.81e+00  4.29e-03   4.39e-03  
1656   -3.81e+00  8.18e-03   1.95e-03  
1657   -3.81e+00  7.84e-03   8.74e-04  
1658   -3.81e+00  3.78e-03   1.15e-03  
1659   -3.81e+00  3.68e-03   2.23e-03  
1660   -3.81e+00  3.67e-03   4.45e-03  
1661   -3.81e+00  3.70e-03   8.85e-03  
1662   -3.81e+00  5.73e-03   1.97e-03  
1663   -3.81e+00  5.63e-03   1.60e-03  
1664   -3.81e+00  4.45e-03   1.69e-03  
1665   -3.81e+00  4.03e-03   2.40e-03  
1666   -3.81e+00  4.39e-03   3.65e-03  
1667   -3.81e+00  7.58e-03   1.44e-03  
1668   -3.81e+00  4.62e-03   1.27e-03  
1669   -3.81e+00  3.65e-03   1.89e-03  
1670   -3.81e+00  3.63e-03   3.61e-03  
1671   -3.81e+00  3.99e-03   6.72e-03  
1672   -3.81e+00  1.10e-02   2.01e-03  
1673   -3.81e+00  1.10e-02   4.01e-04  
1674   -3.81e+00  7.20e-03   6.57e-04  
1675   -3.81e+00  4.12e-03   9.86e-04  
1676   -3.81e+00  3.51e-03   1.70e-03  
1677   -3.81e+00  3.50e-03   3.41e-03  
1678   -3.81e+00  3.49e-03   6.80e-03  
1679   -3.81e+00  3.48e-03   1.35e-02  
1680   -3.81e+00  5.27e-03   3.17e-03  
1681   -3.81e+00  9.34e-03   5.20e-04  
1682   -3.81e+00  5.39e-03   8.06e-04  
1683   -3.81e+00  3.50e-03   1.22e-03  
1684   -3.81e+00  3.41e-03   2.36e-03  
1685   -3.81e+00  3.40e-03   4.70e-03  
1686   -3.81e+00  3.50e-03   9.27e-03  
1687   -3.81e+00  8.20e-03   1.59e-03  
1688   -3.81e+00  5.51e-03   1.08e-03  
1689   -3.81e+00  3.35e-03   1.42e-03  
1690   -3.81e+00  3.33e-03   2.82e-03  
1691   -3.81e+00  3.33e-03   5.61e-03  
1692   -3.81e+00  3.50e-03   1.10e-02  
1693   -3.81e+00  1.19e-02   1.12e-03  
1694   -3.81e+00  3.52e-03   1.08e-03  
1695   -3.81e+00  3.26e-03   2.00e-03  
1696   -3.81e+00  3.25e-03   3.98e-03  
1697   -3.81e+00  3.25e-03   7.93e-03  
1698   -3.81e+00  3.88e-03   3.80e-03  
1699   -3.81e+00  6.90e-03   1.52e-03  
1700   -3.81e+00  4.48e-03   1.23e-03  
1701   -3.81e+00  3.27e-03   1.71e-03  
1702   -3.81e+00  3.23e-03   3.29e-03  
1703   -3.81e+00  3.38e-03   6.29e-03  
1704   -3.81e+00  6.94e-03   1.95e-03  
1705   -3.81e+00  6.68e-03   8.80e-04  
1706   -3.81e+00  3.23e-03   1.16e-03  
1707   -3.81e+00  3.15e-03   2.25e-03  
1708   -3.81e+00  3.14e-03   4.49e-03  
1709   -3.81e+00  3.16e-03   8.91e-03  
1710   -3.81e+00  4.93e-03   1.98e-03  
1711   -3.81e+00  4.88e-03   1.58e-03  
1712   -3.81e+00  3.78e-03   1.66e-03  
1713   -3.81e+00  3.40e-03   2.40e-03  
1714   -3.81e+00  3.68e-03   3.75e-03  
1715   -3.81e+00  6.36e-03   1.61e-03  
1716   -3.81e+00  4.56e-03   1.23e-03  
1717   -3.81e+00  3.15e-03   1.63e-03  
1718   -3.81e+00  3.08e-03   3.09e-03  
1719   -3.81e+00  3.20e-03   5.94e-03  
1720   -3.81e+00  5.84e-03   2.08e-03  
1721   -3.81e+00  6.16e-03   9.93e-04  
1722   -3.81e+00  3.01e-03   1.24e-03  
1723   -3.81e+00  3.00e-03   2.47e-03  
1724   -3.81e+00  3.00e-03   4.93e-03  
1725   -3.81e+00  2.98e-03   9.84e-03  
1726   -3.81e+00  2.99e-03   1.95e-02  
1727   -3.81e+00  9.58e-03   1.77e-03  
1728   -3.81e+00  7.62e-03   6.91e-04  
1729   -3.81e+00  3.62e-03   9.74e-04  
1730   -3.81e+00  2.88e-03   1.60e-03  
1731   -3.81e+00  2.88e-03   3.20e-03  
1732   -3.81e+00  2.87e-03   6.39e-03  
1733   -3.81e+00  2.88e-03   1.27e-02  
1734   -3.81e+00  5.67e-03   1.36e-03  
1735   -3.81e+00  3.33e-03   1.33e-03  
1736   -3.81e+00  2.87e-03   2.15e-03  
1737   -3.81e+00  2.88e-03   4.10e-03  
1738   -3.81e+00  3.47e-03   3.64e-03  
1739   -3.81e+00  6.11e-03   1.29e-03  
1740   -3.81e+00  3.19e-03   1.26e-03  
1741   -3.81e+00  2.80e-03   2.13e-03  
1742   -3.81e+00  2.81e-03   4.16e-03  
1743   -3.81e+00  3.12e-03   7.83e-03  
1744   -3.81e+00  1.04e-02   2.13e-03  
1745   -3.81e+00  1.16e-02   3.23e-05  
1746   -3.81e+00  1.13e-02   6.35e-05  
1747   -3.81e+00  1.06e-02   1.23e-04  
1748   -3.81e+00  9.40e-03   2.32e-04  
1749   -3.81e+00  7.43e-03   4.15e-04  
1750   -3.81e+00  4.87e-03   6.81e-04  
1751   -3.81e+00  3.01e-03   1.04e-03  
1752   -3.81e+00  2.72e-03   1.89e-03  
1753   -3.81e+00  2.72e-03   3.77e-03  
1754   -3.81e+00  2.71e-03   7.52e-03  
1755   -3.81e+00  2.83e-03   1.48e-02  
1756   -3.81e+00  1.25e-02   1.98e-03  
1757   -3.81e+00  1.22e-02   2.23e-04  
1758   -3.81e+00  9.65e-03   3.98e-04  
1759   -3.81e+00  6.18e-03   6.50e-04  
1760   -3.81e+00  3.29e-03   9.54e-04  
1761   -3.81e+00  2.64e-03   1.58e-03  
1762   -3.81e+00  2.63e-03   3.16e-03  
1763   -3.81e+00  2.62e-03   6.31e-03  
1764   -3.81e+00  2.67e-03   1.25e-02  
1765   -3.81e+00  7.44e-03   2.10e-03  
1766   -3.81e+00  8.09e-03   3.19e-04  
1767   -3.81e+00  5.82e-03   5.47e-04  
1768   -3.81e+00  3.49e-03   8.53e-04  
1769   -3.81e+00  2.59e-03   1.37e-03  
1770   -3.81e+00  2.56e-03   2.70e-03  
1771   -3.81e+00  2.56e-03   5.38e-03  
1772   -3.81e+00  2.71e-03   1.05e-02  
1773   -3.81e+00  9.52e-03   1.74e-03  
1774   -3.81e+00  7.26e-03   6.61e-04  
1775   -3.81e+00  3.41e-03   9.37e-04  
1776   -3.81e+00  2.51e-03   1.47e-03  
1777   -3.81e+00  2.50e-03   2.93e-03  
1778   -3.81e+00  2.49e-03   5.85e-03  
1779   -3.81e+00  2.56e-03   1.16e-02  
1780   -3.81e+00  7.20e-03   1.83e-03  
1781   -3.81e+00  6.09e-03   7.06e-04  
1782   -3.81e+00  2.94e-03   9.94e-04  
1783   -3.81e+00  2.44e-03   1.68e-03  
1784   -3.81e+00  2.44e-03   3.36e-03  
1785   -3.81e+00  2.43e-03   6.70e-03  
1786   -3.81e+00  2.41e-03   1.34e-02  
1787   -3.81e+00  2.70e-03   6.55e-03  
1788   -3.81e+00  7.43e-03   1.78e-03  
1789   -3.81e+00  5.96e-03   7.16e-04  
1790   -3.81e+00  2.82e-03   1.00e-03  
1791   -3.81e+00  2.35e-03   1.70e-03  
1792   -3.81e+00  2.35e-03   3.39e-03  
1793   -3.81e+00  2.34e-03   6.77e-03  
1794   -3.81e+00  2.33e-03   1.35e-02  
1795   -3.81e+00  2.30e-03   2.68e-02  
1796   -3.81e+00  5.74e-03   1.47e-03  
1797   -3.81e+00  3.34e-03   1.11e-03  
1798   -3.81e+00  2.24e-03   1.53e-03  
1799   -3.81e+00  2.23e-03   3.03e-03  
1800   -3.81e+00  2.23e-03   6.02e-03  
1801   -3.81e+00  2.62e-03   5.72e-03  
1802   -3.81e+00  7.01e-03   1.89e-03  
1803   -3.81e+00  6.29e-03   5.63e-04  
1804   -3.81e+00  3.39e-03   8.47e-04  
1805   -3.81e+00  2.22e-03   1.28e-03  
1806   -3.81e+00  2.18e-03   2.50e-03  
1807   -3.81e+00  2.18e-03   4.97e-03  
1808   -3.81e+00  2.26e-03   9.79e-03  
1809   -3.81e+00  6.06e-03   1.46e-03  
1810   -3.81e+00  3.34e-03   1.06e-03  
1811   -3.81e+00  2.14e-03   1.46e-03  
1812   -3.81e+00  2.14e-03   2.90e-03  
1813   -3.81e+00  2.13e-03   5.79e-03  
1814   -3.81e+00  2.20e-03   1.14e-02  
1815   -3.81e+00  6.76e-03   1.56e-03  
1816   -3.81e+00  4.15e-03   9.23e-04  
1817   -3.81e+00  2.11e-03   1.21e-03  
1818   -3.81e+00  2.09e-03   2.39e-03  
1819   -3.81e+00  2.08e-03   4.78e-03  
1820   -3.81e+00  2.09e-03   9.50e-03  
1821   -3.81e+00  3.33e-03   2.12e-03  
1822   -3.81e+00  3.56e-03   1.46e-03  
1823   -3.81e+00  2.44e-03   1.49e-03  
1824   -3.81e+00  2.14e-03   2.32e-03  
1825   -3.81e+00  2.21e-03   4.14e-03  
1826   -3.81e+00  3.37e-03   2.84e-03  
1827   -3.81e+00  5.34e-03   5.36e-04  
1828   -3.81e+00  3.06e-03   8.26e-04  
1829   -3.81e+00  2.06e-03   1.27e-03  
1830   -3.81e+00  2.02e-03   2.47e-03  
1831   -3.81e+00  2.02e-03   4.92e-03  
1832   -3.81e+00  2.09e-03   9.67e-03  
1833   -3.81e+00  5.67e-03   1.40e-03  
1834   -3.81e+00  2.90e-03   1.08e-03  
1835   -3.81e+00  1.98e-03   1.54e-03  
1836   -3.81e+00  1.97e-03   3.05e-03  
1837   -3.81e+00  1.98e-03   6.08e-03  
1838   -3.81e+00  2.16e-03   5.90e-03  
1839   -3.81e+00  4.93e-03   1.35e-03  
1840   -3.81e+00  2.50e-03   1.16e-03  
1841   -3.81e+00  1.95e-03   1.79e-03  
1842   -3.81e+00  1.94e-03   3.52e-03  
1843   -3.81e+00  1.99e-03   6.90e-03  
1844   -3.81e+00  3.52e-03   2.68e-03  
1845   -3.81e+00  5.32e-03   3.00e-04  
1846   -3.81e+00  3.97e-03   5.21e-04  
1847   -3.81e+00  2.53e-03   8.34e-04  
1848   -3.81e+00  1.93e-03   1.37e-03  
1849   -3.81e+00  1.91e-03   2.69e-03  
1850   -3.81e+00  1.91e-03   5.36e-03  
1851   -3.81e+00  2.03e-03   1.05e-02  
1852   -3.81e+00  7.29e-03   1.52e-03  
1853   -3.81e+00  4.06e-03   8.89e-04  
1854   -3.81e+00  1.91e-03   1.16e-03  
1855   -3.81e+00  1.86e-03   2.25e-03  
1856   -3.81e+00  1.86e-03   4.49e-03  
1857   -3.81e+00  1.87e-03   8.92e-03  
1858   -3.81e+00  2.81e-03   2.01e-03  
1859   -3.81e+00  2.82e-03   1.70e-03  
1860   -3.81e+00  2.36e-03   1.72e-03  
1861   -3.81e+00  2.12e-03   2.25e-03  
1862   -3.81e+00  2.26e-03   3.18e-03  
1863   -3.81e+00  3.45e-03   1.38e-03  
1864   -3.81e+00  2.13e-03   1.38e-03  
1865   -3.81e+00  1.86e-03   2.24e-03  
1866   -3.81e+00  1.88e-03   4.20e-03  
1867   -3.81e+00  2.46e-03   3.50e-03  
1868   -3.81e+00  4.57e-03   1.27e-03  
1869   -3.81e+00  2.11e-03   1.18e-03  
1870   -3.81e+00  1.80e-03   1.96e-03  
1871   -3.81e+00  1.79e-03   3.88e-03  
1872   -3.81e+00  1.86e-03   7.57e-03  
1873   -3.81e+00  3.95e-03   1.28e-03  
1874   -3.81e+00  2.02e-03   1.25e-03  
1875   -3.81e+00  1.77e-03   2.12e-03  
1876   -3.81e+00  1.77e-03   4.15e-03  
1877   -3.81e+00  1.95e-03   7.88e-03  
1878   -3.81e+00  6.16e-03   1.80e-03  
1879   -3.81e+00  5.04e-03   6.17e-04  
1880   -3.81e+00  2.51e-03   8.98e-04  
1881   -3.81e+00  1.74e-03   1.37e-03  
1882   -3.81e+00  1.73e-03   2.72e-03  
1883   -3.81e+00  1.72e-03   5.42e-03  
1884   -3.81e+00  1.79e-03   1.07e-02  
1885   -3.81e+00  5.37e-03   1.42e-03  
1886   -3.81e+00  2.72e-03   1.03e-03  
1887   -3.81e+00  1.69e-03   1.41e-03  
1888   -3.81e+00  1.69e-03   2.81e-03  
1889   -3.81e+00  1.68e-03   5.61e-03  
1890   -3.81e+00  1.68e-03   1.12e-02  
1891   -3.81e+00  2.44e-03   2.61e-03  
1892   -3.81e+00  3.31e-03   1.54e-03  
1893   -3.81e+00  2.26e-03   1.30e-03  
1894   -3.81e+00  1.71e-03   1.81e-03  
1895   -3.81e+00  1.68e-03   3.38e-03  
1896   -3.81e+00  1.85e-03   6.20e-03  
1897   -3.81e+00  4.81e-03   1.94e-03  
1898   -3.81e+00  4.52e-03   5.58e-04  
1899   -3.81e+00  2.47e-03   8.45e-04  
1900   -3.81e+00  1.65e-03   1.28e-03  
1901   -3.81e+00  1.62e-03   2.51e-03  
1902   -3.81e+00  1.62e-03   5.00e-03  
1903   -3.81e+00  1.68e-03   9.83e-03  
1904   -3.81e+00  4.63e-03   1.40e-03  
1905   -3.81e+00  2.36e-03   1.07e-03  
1906   -3.81e+00  1.59e-03   1.51e-03  
1907   -3.81e+00  1.58e-03   3.01e-03  
1908   -3.81e+00  1.58e-03   6.00e-03  
1909   -3.81e+00  1.69e-03   1.17e-02  
1910   -3.81e+00  6.85e-03   1.16e-03  
1911   -3.81e+00  1.86e-03   1.05e-03  
1912   -3.81e+00  1.55e-03   1.76e-03  
1913   -3.81e+00  1.54e-03   3.51e-03  
1914   -3.81e+00  1.54e-03   7.01e-03  
1915   -3.81e+00  1.61e-03   1.38e-02  
1916   -3.81e+00  6.80e-03   1.95e-03  
1917   -3.81e+00  6.43e-03   2.97e-04  
1918   -3.81e+00  4.65e-03   5.10e-04  
1919   -3.81e+00  2.63e-03   7.88e-04  
1920   -3.81e+00  1.57e-03   1.16e-03  
1921   -3.81e+00  1.50e-03   2.20e-03  
1922   -3.81e+00  1.50e-03   4.38e-03  
1923   -3.81e+00  1.52e-03   8.68e-03  
1924   -3.81e+00  2.67e-03   1.82e-03  
1925   -3.81e+00  2.34e-03   1.34e-03  
1926   -3.81e+00  1.60e-03   1.60e-03  
1927   -3.81e+00  1.52e-03   2.82e-03  
1928   -3.81e+00  1.61e-03   5.15e-03  
1929   -3.81e+00  3.14e-03   1.42e-03  
1930   -3.81e+00  1.86e-03   1.26e-03  
1931   -3.81e+00  1.48e-03   1.91e-03  
1932   -3.81e+00  1.48e-03   3.67e-03  
1933   -3.81e+00  1.61e-03   6.87e-03  
1934   -3.81e+00  4.44e-03   2.20e-03  
1935   -3.81e+00  5.24e-03   6.39e-05  
1936   -3.81e+00  4.94e-03   1.24e-04  
1937   -3.81e+00  4.38e-03   2.34e-04  
1938   -3.81e+00  3.48e-03   4.19e-04  
1939   -3.81e+00  2.34e-03   6.92e-04  
1940   -3.81e+00  1.54e-03   1.09e-03  
1941   -3.81e+00  1.43e-03   2.01e-03  
1942   -3.81e+00  1.43e-03   4.01e-03  
1943   -3.81e+00  1.43e-03   7.99e-03  
1944   -3.81e+00  1.73e-03   3.81e-03  
1945   -3.81e+00  3.16e-03   1.35e-03  
1946   -3.81e+00  1.71e-03   1.24e-03  
1947   -3.81e+00  1.42e-03   1.98e-03  
1948   -3.81e+00  1.42e-03   3.85e-03  
1949   -3.81e+00  1.53e-03   7.31e-03  
1950   -3.81e+00  4.26e-03   1.32e-03  
1951   -3.81e+00  1.88e-03   1.08e-03  
1952   -3.81e+00  1.38e-03   1.63e-03  
1953   -3.81e+00  1.38e-03   3.24e-03  
1954   -3.81e+00  1.38e-03   6.44e-03  
1955   -3.81e+00  1.58e-03   6.19e-03  
1956   -3.81e+00  4.33e-03   1.33e-03  
1957   -3.81e+00  1.91e-03   1.07e-03  
1958   -3.81e+00  1.35e-03   1.57e-03  
1959   -3.81e+00  1.35e-03   3.13e-03  
1960   -3.81e+00  1.35e-03   6.23e-03  
1961   -3.81e+00  1.45e-03   1.22e-02  
1962   -3.81e+00  6.29e-03   1.34e-03  
1963   -3.81e+00  2.49e-03   9.63e-04  
1964   -3.81e+00  1.32e-03   1.26e-03  
1965   -3.81e+00  1.32e-03   2.51e-03  
1966   -3.81e+00  1.31e-03   5.02e-03  
1967   -3.81e+00  1.31e-03   9.99e-03  
1968   -3.81e+00  1.72e-03   2.37e-03  
1969   -3.81e+00  2.01e-03   2.30e-03  
1970   -3.81e+00  2.39e-03   1.48e-03  
1971   -3.81e+00  1.60e-03   1.41e-03  
1972   -3.81e+00  1.34e-03   2.11e-03  
1973   -3.81e+00  1.35e-03   3.84e-03  
1974   -3.81e+00  1.76e-03   3.09e-03  
1975   -3.81e+00  2.83e-03   1.64e-03  
1976   -3.81e+00  2.06e-03   1.13e-03  
1977   -3.81e+00  1.29e-03   1.47e-03  
1978   -3.81e+00  1.27e-03   2.88e-03  
1979   -3.81e+00  1.28e-03   5.70e-03  
1980   -3.81e+00  1.53e-03   5.34e-03  
1981   -3.81e+00  3.96e-03   1.45e-03  
1982   -3.81e+00  2.09e-03   1.01e-03  
1983   -3.81e+00  1.25e-03   1.36e-03  
1984   -3.81e+00  1.24e-03   2.72e-03  
1985   -3.81e+00  1.24e-03   5.43e-03  
1986   -3.81e+00  1.23e-03   1.08e-02  
1987   -3.81e+00  1.27e-03   2.15e-02  
1988   -3.81e+00  6.96e-03   1.27e-03  
1989   -3.81e+00  2.17e-03   9.78e-04  
1990   -3.81e+00  1.19e-03   1.29e-03  
1991   -3.81e+00  1.19e-03   2.57e-03  
1992   -3.81e+00  1.19e-03   5.14e-03  
1993   -3.81e+00  1.18e-03   1.02e-02  
1994   -3.81e+00  1.37e-03   4.98e-03  
1995   -3.81e+00  3.09e-03   1.56e-03  
1996   -3.81e+00  1.98e-03   1.03e-03  
1997   -3.81e+00  1.16e-03   1.37e-03  
1998   -3.81e+00  1.16e-03   2.73e-03  
1999   -3.81e+00  1.15e-03   5.44e-03  
2000   -3.81e+00  1.16e-03   1.08e-02  
2001   -3.81e+00  1.75e-03   2.49e-03  
2002   -3.81e+00  2.29e-03   1.39e-03  
2003   -3.81e+00  1.36e-03   1.32e-03  
2004   -3.81e+00  1.16e-03   2.10e-03  
2005   -3.81e+00  1.16e-03   4.00e-03  
2006   -3.81e+00  1.38e-03   3.56e-03  
2007   -3.81e+00  2.35e-03   1.40e-03  
2008   -3.81e+00  1.39e-03   1.29e-03  
2009   -3.81e+00  1.14e-03   1.99e-03  
2010   -3.81e+00  1.14e-03   3.81e-03  
2011   -3.81e+00  1.29e-03   7.01e-03  
2012   -3.81e+00  4.06e-03   1.40e-03  
2013   -3.81e+00  1.89e-03   9.89e-04  
Terminated as iteration=2014 as |gradf|=1.10e-03 < threshold=1.11e-03.
Optimized objective function value: -3.81e+00; |gradf|: 1.10e-03. Computing time: 0.749 s.