Iter   f          |gradf|    alpha     
-------------------------------------
1      3.52e+02   1.70e+02   1.00e+00  
2      1.83e+02   3.79e+01   1.00e+00  
3      6.37e+01   1.64e+01   1.00e+00  
4      2.81e+01   9.83e+00   1.00e+00  
5      1.55e+01   8.09e+00   1.00e+00  
6      7.14e+00   6.33e+00   1.00e+00  
7      3.60e+00   4.79e+00   1.00e+00  
8      1.28e+00   3.35e+00   1.00e+00  
9      1.69e-01   2.54e+00   1.00e+00  
10     -5.30e-01  1.96e+00   1.00e+00  
11     -8.61e-01  1.48e+00   1.00e+00  
12     -1.04e+00  9.72e-01   1.00e+00  
13     -1.11e+00  5.71e-01   1.00e+00  
14     -1.14e+00  2.90e-01   1.00e+00  
15     -1.15e+00  1.53e-01   1.00e+00  
16     -1.16e+00  7.81e-02   1.00e+00  
17     -1.16e+00  3.50e-02   1.00e+00  
18     -1.16e+00  1.23e-02   1.00e+00  
19     -1.16e+00  4.02e-03   1.00e+00  
20     -1.16e+00  1.35e-03   1.00e+00  
21     -1.16e+00  3.60e-04   1.00e+00  
22     -1.16e+00  6.70e-05   1.00e+00  
23     -1.16e+00  1.92e-05   1.00e+00  
24     -1.16e+00  6.67e-06   1.00e+00  
Terminated at iteration=25 as |gradf|=1.55e-06 < threshold=1.70e-06.
Optimized objective function value: -1.16e+00; |gradf|: 1.55e-06. Computing time: 0.002 s.