Iter   f          |gradf|    alpha     
-------------------------------------
1      3.52e+02   1.70e+02   1.00e+00  
2      2.78e+01   9.70e+00   1.00e+00  
3      1.66e+01   7.01e+00   1.00e+00  
4      3.29e+00   6.75e+00   1.00e+00  
5      2.68e+00   7.82e+00   1.00e+00  
6      -4.85e-01  1.70e+00   1.00e+00  
7      -8.13e-01  1.03e+00   1.00e+00  
8      -1.14e+00  3.39e-01   1.00e+00  
9      -1.15e+00  2.09e-01   1.00e+00  
10     -1.16e+00  1.98e-01   1.00e+00  
11     -1.16e+00  8.68e-03   1.00e+00  
12     -1.16e+00  2.15e-03   1.00e+00  
13     -1.16e+00  1.21e-03   1.00e+00  
14     -1.16e+00  6.75e-04   5.00e-01  
15     -1.16e+00  3.93e-04   1.00e+00  
16     -1.16e+00  6.88e-05   1.00e+00  
17     -1.16e+00  2.40e-05   1.00e+00  
18     -1.16e+00  1.17e-05   1.00e+00  
19     -1.16e+00  5.41e-06   1.00e+00  
20     -1.16e+00  3.93e-06   1.00e+00  
21     -1.16e+00  4.12e-06   1.00e+00  
Terminated at iteration=22 as |gradf|=7.81e-07 < threshold=1.70e-06.
Optimized objective function value: -1.16e+00; |gradf|: 7.81e-07. Computing time: 0.002 s.